META	HEADER	GNSS location/orientation script
META	VERSION	1.0.0
META	FORMAT	ASCII
META	CONTENT	DEFAULT
META	END
iTOW	Origin_X	Origin_Y	Origin_Z	Basis_XX	Basis_XY	Basis_XZ	Basis_YX	Basis_YY	Basis_YZ	Basis_ZX	Basis_ZY	Basis_ZZ
384851500	2.1693	0.0707	0.7484	0.1630	-0.0251	-0.9863	-0.0287	0.9991	-0.0302	0.9862	0.0332	0.1622
384851625	2.1692	0.0706	0.7495	0.1624	-0.0250	-0.9864	-0.0287	0.9991	-0.0300	0.9863	0.0332	0.1616
384851750	2.1690	0.0714	0.7500	0.1624	-0.0248	-0.9864	-0.0286	0.9991	-0.0299	0.9863	0.0331	0.1615
384851875	2.1689	0.0712	0.7493	0.1627	-0.0254	-0.9864	-0.0286	0.9991	-0.0305	0.9863	0.0332	0.1618
384852000	2.1689	0.0705	0.7497	0.1631	-0.0250	-0.9863	-0.0290	0.9991	-0.0301	0.9862	0.0335	0.1622
384852125	2.1692	0.0711	0.7506	0.1627	-0.0254	-0.9863	-0.0286	0.9991	-0.0305	0.9863	0.0332	0.1619
384852250	2.1694	0.0711	0.7496	0.1627	-0.0256	-0.9863	-0.0280	0.9991	-0.0306	0.9863	0.0326	0.1618
384852375	2.1694	0.0720	0.7496	0.1626	-0.0246	-0.9864	-0.0273	0.9992	-0.0294	0.9863	0.0317	0.1618
384852500	2.1689	0.0696	0.7505	0.1618	-0.0253	-0.9865	-0.0290	0.9991	-0.0304	0.9864	0.0335	0.1609
384852625	2.1687	0.0708	0.7498	0.1630	-0.0257	-0.9863	-0.0288	0.9991	-0.0308	0.9862	0.0334	0.1621
384852750	2.1696	0.0677	0.7491	0.1614	-0.0261	-0.9865	-0.0290	0.9991	-0.0311	0.9865	0.0336	0.1605
384852875	2.1685	0.0671	0.7497	0.1610	-0.0268	-0.9866	-0.0290	0.9991	-0.0319	0.9865	0.0338	0.1601
384853000	2.1690	0.0677	0.7489	0.1611	-0.0269	-0.9866	-0.0294	0.9991	-0.0321	0.9865	0.0342	0.1602
384853125	2.1691	0.0670	0.7491	0.1612	-0.0266	-0.9866	-0.0291	0.9991	-0.0316	0.9865	0.0338	0.1602
384853250	2.1690	0.0649	0.7491	0.1613	-0.0272	-0.9865	-0.0297	0.9990	-0.0324	0.9865	0.0345	0.1603
384853375	2.1691	0.0656	0.7500	0.1612	-0.0286	-0.9865	-0.0296	0.9990	-0.0338	0.9865	0.0347	0.1602
384853500	2.1689	0.0652	0.7489	0.1626	-0.0271	-0.9863	-0.0295	0.9990	-0.0323	0.9862	0.0344	0.1617
384853625	2.1690	0.0655	0.7506	0.1633	-0.0273	-0.9862	-0.0299	0.9990	-0.0326	0.9861	0.0348	0.1624
384853750	2.1689	0.0633	0.7480	0.1613	-0.0284	-0.9865	-0.0304	0.9990	-0.0337	0.9864	0.0355	0.1602
384853875	2.1685	0.0626	0.7489	0.1613	-0.0287	-0.9865	-0.0307	0.9989	-0.0341	0.9864	0.0358	0.1603
384854000	2.1688	0.0653	0.7509	0.1631	-0.0287	-0.9862	-0.0283	0.9990	-0.0338	0.9862	0.0334	0.1621
384854125	2.1690	0.0648	0.7508	0.1632	-0.0281	-0.9862	-0.0280	0.9991	-0.0331	0.9862	0.0331	0.1623
384854250	2.1685	0.0656	0.7501	0.1629	-0.0274	-0.9863	-0.0279	0.9991	-0.0323	0.9862	0.0328	0.1620
384854375	2.1683	0.0626	0.7514	0.1627	-0.0276	-0.9863	-0.0285	0.9991	-0.0327	0.9863	0.0335	0.1618
384854500	2.1679	0.0657	0.7488	0.1627	-0.0259	-0.9863	-0.0280	0.9991	-0.0309	0.9863	0.0326	0.1619
384854625	2.1678	0.0654	0.7498	0.1629	-0.0277	-0.9863	-0.0278	0.9991	-0.0326	0.9862	0.0327	0.1620
384854750	2.1679	0.0660	0.7504	0.1630	-0.0262	-0.9863	-0.0274	0.9991	-0.0310	0.9862	0.0321	0.1622
384854875	2.1679	0.0668	0.7501	0.1624	-0.0250	-0.9864	-0.0275	0.9992	-0.0299	0.9863	0.0319	0.1616
384855000	2.1673	0.0657	0.7503	0.1608	-0.0246	-0.9867	-0.0278	0.9992	-0.0294	0.9866	0.0322	0.1600
384855125	2.1677	0.0673	0.7492	0.1614	-0.0242	-0.9866	-0.0262	0.9992	-0.0288	0.9865	0.0305	0.1606
384855250	2.1674	0.0653	0.7500	0.1616	-0.0261	-0.9865	-0.0275	0.9991	-0.0309	0.9865	0.0321	0.1607
384855375	2.1666	0.0624	0.7489	0.1607	-0.0267	-0.9866	-0.0282	0.9991	-0.0316	0.9866	0.0329	0.1598
384855500	2.1674	0.0635	0.7487	0.1611	-0.0275	-0.9866	-0.0283	0.9991	-0.0324	0.9865	0.0331	0.1602
384855625	2.1663	0.0614	0.7476	0.1614	-0.0280	-0.9865	-0.0297	0.9990	-0.0332	0.9864	0.0347	0.1604
384855750	2.1675	0.0648	0.7497	0.1626	-0.0292	-0.9863	-0.0271	0.9991	-0.0340	0.9863	0.0323	0.1617
384855875	2.1684	0.0644	0.7503	0.1615	-0.0307	-0.9864	-0.0304	0.9989	-0.0361	0.9864	0.0358	0.1604
384856000	2.1688	0.0659	0.7504	0.1623	-0.0282	-0.9863	-0.0299	0.9990	-0.0335	0.9863	0.0350	0.1613
384856125	2.1695	0.0657	0.7499	0.1624	-0.0284	-0.9863	-0.0307	0.9990	-0.0338	0.9862	0.0358	0.1614
384856250	2.1690	0.0667	0.7511	0.1633	-0.0267	-0.9862	-0.0306	0.9990	-0.0322	0.9861	0.0354	0.1623
384856375	2.1675	0.0704	0.7514	0.1623	-0.0209	-0.9865	-0.0299	0.9992	-0.0261	0.9863	0.0337	0.1615
384856500	2.1668	0.0745	0.7508	0.1620	-0.0186	-0.9866	-0.0272	0.9994	-0.0234	0.9864	0.0307	0.1614
384856625	2.1658	0.0740	0.7520	0.1624	-0.0167	-0.9866	-0.0284	0.9994	-0.0216	0.9863	0.0315	0.1618
384856750	2.1650	0.0727	0.7542	0.1623	-0.0208	-0.9865	-0.0285	0.9993	-0.0258	0.9863	0.0324	0.1616
384856875	2.1663	0.0700	0.7539	0.1631	-0.0223	-0.9864	-0.0297	0.9992	-0.0275	0.9862	0.0338	0.1623
384857000	2.1662	0.0709	0.7539	0.1632	-0.0215	-0.9864	-0.0289	0.9992	-0.0265	0.9862	0.0329	0.1625
384857125	2.1659	0.0720	0.7546	0.1641	-0.0216	-0.9862	-0.0288	0.9992	-0.0267	0.9860	0.0328	0.1634
384857250	2.1654	0.0725	0.7538	0.1633	-0.0211	-0.9864	-0.0281	0.9993	-0.0261	0.9862	0.0320	0.1626
384857375	2.1659	0.0715	0.7538	0.1632	-0.0220	-0.9863	-0.0286	0.9992	-0.0270	0.9862	0.0327	0.1625
384857500	2.1657	0.0716	0.7545	0.1625	-0.0206	-0.9865	-0.0298	0.9992	-0.0258	0.9863	0.0336	0.1618
384857625	2.1660	0.0726	0.7539	0.1624	-0.0189	-0.9865	-0.0295	0.9993	-0.0240	0.9863	0.0330	0.1617
384857750	2.1676	0.0740	0.7523	0.1632	-0.0202	-0.9864	-0.0286	0.9993	-0.0252	0.9862	0.0323	0.1625
384857875	2.1676	0.0732	0.7529	0.1623	-0.0200	-0.9865	-0.0287	0.9993	-0.0250	0.9863	0.0324	0.1616
384858000	2.1676	0.0729	0.7540	0.1622	-0.0195	-0.9866	-0.0289	0.9993	-0.0245	0.9863	0.0325	0.1615
384858125	2.1676	0.0727	0.7532	0.1624	-0.0183	-0.9866	-0.0292	0.9993	-0.0233	0.9863	0.0326	0.1618
384858250	2.1681	0.0735	0.7534	0.1621	-0.0196	-0.9866	-0.0285	0.9993	-0.0246	0.9864	0.0321	0.1614
384858375	2.1683	0.0743	0.7526	0.1628	-0.0166	-0.9865	-0.0288	0.9994	-0.0216	0.9862	0.0319	0.1622
384858500	2.1682	0.0749	0.7529	0.1625	-0.0179	-0.9865	-0.0286	0.9993	-0.0228	0.9863	0.0319	0.1619
384858625	2.1687	0.0745	0.7529	0.1627	-0.0175	-0.9865	-0.0296	0.9993	-0.0226	0.9862	0.0329	0.1621
384858750	2.1688	0.0749	0.7523	0.1633	-0.0191	-0.9864	-0.0290	0.9993	-0.0241	0.9862	0.0325	0.1626
384858875	2.1692	0.0758	0.7517	0.1631	-0.0186	-0.9864	-0.0302	0.9993	-0.0238	0.9861	0.0337	0.1624
384859000	2.1687	0.0757	0.7517	0.1630	-0.0189	-0.9864	-0.0296	0.9993	-0.0240	0.9862	0.0331	0.1623
384859125	2.1691	0.0753	0.7506	0.1632	-0.0191	-0.9864	-0.0314	0.9992	-0.0246	0.9861	0.0350	0.1625
384859250	2.1685	0.0753	0.7512	0.1633	-0.0197	-0.9864	-0.0306	0.9992	-0.0250	0.9861	0.0343	0.1626
384859375	2.1685	0.0752	0.7507	0.1629	-0.0203	-0.9864	-0.0301	0.9992	-0.0255	0.9862	0.0338	0.1622
384859500	2.1688	0.0754	0.7508	0.1632	-0.0212	-0.9864	-0.0300	0.9992	-0.0265	0.9861	0.0339	0.1624
384859625	2.1682	0.0748	0.7519	0.1627	-0.0210	-0.9865	-0.0299	0.9992	-0.0262	0.9862	0.0337	0.1619
384859750	2.1683	0.0754	0.7495	0.1642	-0.0216	-0.9862	-0.0294	0.9992	-0.0268	0.9860	0.0334	0.1634
384859875	2.1691	0.0743	0.7489	0.1638	-0.0217	-0.9863	-0.0298	0.9992	-0.0270	0.9860	0.0338	0.1630
384860000	2.1696	0.0755	0.7476	0.1647	-0.0220	-0.9861	-0.0303	0.9992	-0.0274	0.9859	0.0344	0.1639
384860125	2.1682	0.0728	0.7522	0.1640	-0.0205	-0.9862	-0.0293	0.9992	-0.0257	0.9860	0.0331	0.1633
384860250	2.1684	0.0731	0.7510	0.1636	-0.0187	-0.9863	-0.0298	0.9993	-0.0239	0.9861	0.0333	0.1629
384860375	2.1692	0.0703	0.7517	0.1647	-0.0214	-0.9861	-0.0307	0.9992	-0.0268	0.9859	0.0347	0.1639
384860500	2.1689	0.0680	0.7513	0.1639	-0.0234	-0.9862	-0.0313	0.9991	-0.0289	0.9860	0.0356	0.1630
384860625	2.1690	0.0701	0.7520	0.1638	-0.0226	-0.9862	-0.0303	0.9992	-0.0279	0.9860	0.0345	0.1630
384860750	2.1688	0.0696	0.7510	0.1645	-0.0238	-0.9861	-0.0300	0.9991	-0.0292	0.9859	0.0344	0.1637
384860875	2.1690	0.0704	0.7509	0.1643	-0.0237	-0.9861	-0.0301	0.9991	-0.0290	0.9859	0.0344	0.1635
384861000	2.1693	0.0694	0.7493	0.1648	-0.0234	-0.9860	-0.0311	0.9991	-0.0289	0.9858	0.0355	0.1639
384861125	2.1690	0.0730	0.7515	0.1643	-0.0232	-0.9861	-0.0292	0.9992	-0.0284	0.9860	0.0335	0.1635
384861250	2.1693	0.0726	0.7525	0.1645	-0.0248	-0.9861	-0.0305	0.9991	-0.0303	0.9859	0.0351	0.1636
384861375	2.1689	0.0719	0.7526	0.1649	-0.0240	-0.9860	-0.0303	0.9991	-0.0294	0.9858	0.0348	0.1640
384861500	2.1687	0.0729	0.7530	0.1641	-0.0246	-0.9861	-0.0304	0.9991	-0.0300	0.9860	0.0349	0.1632
384861625	2.1692	0.0737	0.7523	0.1645	-0.0237	-0.9861	-0.0304	0.9991	-0.0291	0.9859	0.0348	0.1636
384861750	2.1687	0.0739	0.7518	0.1643	-0.0231	-0.9861	-0.0304	0.9991	-0.0285	0.9859	0.0347	0.1635
384861875	2.1692	0.0756	0.7520	0.1649	-0.0229	-0.9860	-0.0291	0.9992	-0.0281	0.9859	0.0333	0.1641
384862000	2.1691	0.0763	0.7530	0.1646	-0.0217	-0.9861	-0.0282	0.9992	-0.0267	0.9860	0.0322	0.1638
384862125	2.1690	0.0758	0.7523	0.1651	-0.0218	-0.9860	-0.0287	0.9992	-0.0268	0.9859	0.0327	0.1644
384862250	2.1687	0.0757	0.7512	0.1647	-0.0233	-0.9861	-0.0275	0.9992	-0.0282	0.9860	0.0317	0.1639
384862375	2.1691	0.0735	0.7504	0.1654	-0.0233	-0.9859	-0.0291	0.9992	-0.0285	0.9858	0.0334	0.1646
384862500	2.1689	0.0729	0.7522	0.1644	-0.0235	-0.9861	-0.0299	0.9991	-0.0288	0.9859	0.0343	0.1635
384862625	2.1695	0.0710	0.7525	0.1640	-0.0253	-0.9861	-0.0300	0.9991	-0.0306	0.9860	0.0346	0.1631
384862750	2.1689	0.0721	0.7538	0.1639	-0.0249	-0.9862	-0.0293	0.9991	-0.0302	0.9860	0.0339	0.1631
384862875	2.1696	0.0715	0.7544	0.1638	-0.0244	-0.9862	-0.0293	0.9991	-0.0296	0.9861	0.0337	0.1629
384863000	2.1690	0.0698	0.7550	0.1640	-0.0241	-0.9862	-0.0298	0.9991	-0.0294	0.9860	0.0342	0.1632
384863125	2.1695	0.0700	0.7545	0.1636	-0.0235	-0.9862	-0.0310	0.9991	-0.0289	0.9860	0.0353	0.1628
384863250	2.1695	0.0701	0.7526	0.1651	-0.0232	-0.9860	-0.0299	0.9991	-0.0285	0.9858	0.0341	0.1643
384863375	2.1696	0.0707	0.7531	0.1642	-0.0237	-0.9862	-0.0302	0.9991	-0.0290	0.9860	0.0346	0.1633
384863500	2.1698	0.0707	0.7529	0.1650	-0.0231	-0.9860	-0.0301	0.9991	-0.0284	0.9858	0.0343	0.1642
384863625	2.1697	0.0708	0.7544	0.1648	-0.0237	-0.9860	-0.0297	0.9991	-0.0290	0.9859	0.0341	0.1640
384863750	2.1697	0.0711	0.7529	0.1649	-0.0239	-0.9860	-0.0299	0.9991	-0.0292	0.9859	0.0343	0.1640
384863875	2.1698	0.0705	0.7543	0.1648	-0.0216	-0.9861	-0.0298	0.9992	-0.0269	0.9859	0.0338	0.1640
384864000	2.1695	0.0716	0.7543	0.1644	-0.0223	-0.9861	-0.0285	0.9992	-0.0274	0.9860	0.0326	0.1637
384864125	2.1693	0.0721	0.7543	0.1641	-0.0193	-0.9863	-0.0286	0.9993	-0.0243	0.9860	0.0322	0.1634
384864250	2.1687	0.0746	0.7532	0.1634	-0.0187	-0.9864	-0.0268	0.9994	-0.0234	0.9862	0.0302	0.1628
384864375	2.1680	0.0772	0.7529	0.1636	-0.0164	-0.9864	-0.0273	0.9994	-0.0212	0.9861	0.0303	0.1631
384864500	2.1677	0.0786	0.7521	0.1633	-0.0161	-0.9864	-0.0272	0.9994	-0.0209	0.9862	0.0302	0.1627
384864625	2.1685	0.0769	0.7525	0.1634	-0.0167	-0.9864	-0.0277	0.9994	-0.0215	0.9862	0.0309	0.1628
384864750	2.1679	0.0750	0.7525	0.1628	-0.0200	-0.9865	-0.0282	0.9993	-0.0249	0.9863	0.0319	0.1621
384864875	2.1675	0.0749	0.7525	0.1635	-0.0213	-0.9863	-0.0267	0.9993	-0.0260	0.9862	0.0306	0.1628
384865000	2.1676	0.0744	0.7523	0.1636	-0.0211	-0.9863	-0.0276	0.9993	-0.0259	0.9861	0.0315	0.1629
384865125	2.1679	0.0736	0.7532	0.1635	-0.0232	-0.9863	-0.0278	0.9992	-0.0281	0.9861	0.0320	0.1628
384865250	2.1676	0.0725	0.7528	0.1640	-0.0213	-0.9862	-0.0288	0.9992	-0.0263	0.9860	0.0327	0.1633
384865375	2.1675	0.0723	0.7520	0.1641	-0.0217	-0.9862	-0.0294	0.9992	-0.0269	0.9860	0.0334	0.1634
384865500	2.1666	0.0713	0.7539	0.1637	-0.0225	-0.9862	-0.0293	0.9992	-0.0277	0.9861	0.0335	0.1629
384865625	2.1671	0.0712	0.7527	0.1640	-0.0228	-0.9862	-0.0298	0.9992	-0.0281	0.9860	0.0340	0.1632
384865750	2.1670	0.0709	0.7519	0.1652	-0.0217	-0.9860	-0.0295	0.9992	-0.0269	0.9858	0.0335	0.1644
384865875	2.1669	0.0712	0.7519	0.1646	-0.0226	-0.9861	-0.0293	0.9992	-0.0278	0.9859	0.0335	0.1638
384866000	2.1668	0.0715	0.7529	0.1645	-0.0225	-0.9861	-0.0284	0.9992	-0.0276	0.9860	0.0326	0.1638
384866125	2.1661	0.0709	0.7527	0.1648	-0.0218	-0.9861	-0.0287	0.9992	-0.0269	0.9859	0.0327	0.1640
384866250	2.1663	0.0712	0.7523	0.1648	-0.0226	-0.9861	-0.0292	0.9992	-0.0277	0.9859	0.0334	0.1640
384866375	2.1681	0.0729	0.7506	0.1643	-0.0233	-0.9861	-0.0287	0.9992	-0.0284	0.9860	0.0330	0.1635
384866500	2.1681	0.0733	0.7510	0.1647	-0.0237	-0.9861	-0.0285	0.9992	-0.0288	0.9859	0.0328	0.1639
384866625	2.1689	0.0717	0.7498	0.1643	-0.0256	-0.9861	-0.0294	0.9991	-0.0308	0.9860	0.0341	0.1634
384866750	2.1702	0.0680	0.7486	0.1647	-0.0274	-0.9860	-0.0299	0.9990	-0.0327	0.9859	0.0349	0.1637
384866875	2.1691	0.0730	0.7493	0.1639	-0.0231	-0.9862	-0.0292	0.9992	-0.0283	0.9860	0.0334	0.1631
384867000	2.1697	0.0698	0.7490	0.1653	-0.0256	-0.9859	-0.0301	0.9991	-0.0310	0.9858	0.0348	0.1643
384867125	2.1696	0.0708	0.7493	0.1646	-0.0244	-0.9861	-0.0291	0.9991	-0.0296	0.9859	0.0335	0.1637
384867250	2.1692	0.0713	0.7502	0.1645	-0.0238	-0.9861	-0.0300	0.9991	-0.0291	0.9859	0.0344	0.1636
384867375	2.1692	0.0725	0.7494	0.1644	-0.0228	-0.9861	-0.0285	0.9992	-0.0278	0.9860	0.0327	0.1636
384867500	2.1692	0.0711	0.7488	0.1639	-0.0223	-0.9862	-0.0297	0.9992	-0.0276	0.9860	0.0339	0.1631
384867625	2.1687	0.0727	0.7489	0.1639	-0.0222	-0.9862	-0.0292	0.9992	-0.0273	0.9860	0.0333	0.1631
384867750	2.1688	0.0714	0.7486	0.1638	-0.0227	-0.9862	-0.0290	0.9992	-0.0278	0.9861	0.0331	0.1630
384867875	2.1688	0.0712	0.7491	0.1631	-0.0219	-0.9864	-0.0297	0.9992	-0.0271	0.9862	0.0337	0.1623
384868000	2.1684	0.0720	0.7492	0.1636	-0.0224	-0.9863	-0.0283	0.9992	-0.0273	0.9861	0.0324	0.1629
384868125	2.1684	0.0724	0.7487	0.1636	-0.0217	-0.9863	-0.0293	0.9992	-0.0269	0.9861	0.0333	0.1629
384868250	2.1683	0.0738	0.7487	0.1633	-0.0214	-0.9864	-0.0295	0.9992	-0.0266	0.9861	0.0334	0.1625
384868375	2.1686	0.0739	0.7476	0.1643	-0.0228	-0.9862	-0.0292	0.9992	-0.0280	0.9860	0.0334	0.1635
384868500	2.1689	0.0736	0.7480	0.1632	-0.0224	-0.9863	-0.0297	0.9992	-0.0276	0.9861	0.0338	0.1624
384868625	2.1686	0.0732	0.7481	0.1632	-0.0221	-0.9863	-0.0302	0.9992	-0.0274	0.9861	0.0342	0.1624
384868750	2.1684	0.0721	0.7473	0.1629	-0.0236	-0.9864	-0.0310	0.9991	-0.0290	0.9862	0.0353	0.1620
384868875	2.1685	0.0728	0.7487	0.1613	-0.0230	-0.9866	-0.0300	0.9992	-0.0282	0.9865	0.0341	0.1605
384869000	2.1681	0.0739	0.7477	0.1628	-0.0238	-0.9864	-0.0294	0.9991	-0.0289	0.9862	0.0337	0.1620
384869125	2.1687	0.0732	0.7486	0.1611	-0.0241	-0.9866	-0.0312	0.9991	-0.0295	0.9864	0.0356	0.1602
384869250	2.1696	0.0735	0.7477	0.1618	-0.0239	-0.9865	-0.0307	0.9991	-0.0293	0.9863	0.0351	0.1610
384869375	2.1695	0.0720	0.7491	0.1622	-0.0259	-0.9864	-0.0308	0.9990	-0.0313	0.9863	0.0354	0.1612
384869500	2.1707	0.0728	0.7482	0.1636	-0.0255	-0.9862	-0.0309	0.9990	-0.0310	0.9861	0.0355	0.1626
384869625	2.1709	0.0716	0.7488	0.1633	-0.0266	-0.9862	-0.0316	0.9990	-0.0321	0.9861	0.0365	0.1623
384869750	2.1714	0.0713	0.7501	0.1635	-0.0256	-0.9862	-0.0313	0.9990	-0.0312	0.9861	0.0360	0.1625
384869875	2.1704	0.0728	0.7515	0.1641	-0.0251	-0.9861	-0.0311	0.9990	-0.0306	0.9859	0.0357	0.1632
384870000	2.1697	0.0745	0.7512	0.1635	-0.0240	-0.9863	-0.0310	0.9991	-0.0295	0.9861	0.0354	0.1626
384870125	2.1687	0.0753	0.7519	0.1632	-0.0231	-0.9863	-0.0307	0.9991	-0.0285	0.9861	0.0349	0.1624
384870250	2.1687	0.0742	0.7529	0.1624	-0.0240	-0.9864	-0.0314	0.9991	-0.0295	0.9862	0.0357	0.1615
384870375	2.1682	0.0753	0.7526	0.1631	-0.0241	-0.9863	-0.0300	0.9991	-0.0294	0.9862	0.0344	0.1622
384870500	2.1692	0.0710	0.7517	0.1644	-0.0257	-0.9861	-0.0322	0.9990	-0.0315	0.9859	0.0369	0.1634
384870625	2.1700	0.0678	0.7518	0.1647	-0.0297	-0.9859	-0.0318	0.9989	-0.0354	0.9858	0.0372	0.1635
384870750	2.1701	0.0682	0.7518	0.1637	-0.0293	-0.9861	-0.0315	0.9989	-0.0349	0.9860	0.0368	0.1626
384870875	2.1692	0.0680	0.7509	0.1623	-0.0297	-0.9863	-0.0306	0.9989	-0.0351	0.9863	0.0359	0.1612
384871000	2.1692	0.0689	0.7556	0.1645	-0.0279	-0.9860	-0.0303	0.9990	-0.0334	0.9859	0.0354	0.1635
384871125	2.1701	0.0684	0.7521	0.1636	-0.0293	-0.9861	-0.0314	0.9989	-0.0349	0.9860	0.0366	0.1625
384871250	2.1696	0.0712	0.7477	0.1643	-0.0284	-0.9860	-0.0290	0.9990	-0.0336	0.9860	0.0341	0.1634
384871375	2.1704	0.0719	0.7494	0.1642	-0.0288	-0.9860	-0.0314	0.9989	-0.0344	0.9859	0.0366	0.1631
384871500	2.1701	0.0708	0.7485	0.1641	-0.0301	-0.9860	-0.0303	0.9989	-0.0356	0.9860	0.0357	0.1630
384871625	2.1695	0.0750	0.7484	0.1636	-0.0257	-0.9862	-0.0276	0.9992	-0.0306	0.9861	0.0322	0.1628
384871750	2.1707	0.0713	0.7502	0.1639	-0.0280	-0.9861	-0.0283	0.9991	-0.0330	0.9861	0.0333	0.1630
384871875	2.1696	0.0710	0.7490	0.1637	-0.0299	-0.9861	-0.0285	0.9990	-0.0350	0.9861	0.0338	0.1627
384872000	2.1700	0.0733	0.7515	0.1620	-0.0273	-0.9864	-0.0270	0.9991	-0.0321	0.9864	0.0318	0.1611
384872125	2.1695	0.0718	0.7515	0.1634	-0.0288	-0.9861	-0.0276	0.9990	-0.0338	0.9862	0.0328	0.1625
384872250	2.1719	0.0763	0.7493	0.1632	-0.0310	-0.9861	-0.0258	0.9990	-0.0357	0.9863	0.0312	0.1623
384872375	2.1735	0.0987	0.7428	0.1647	-0.0452	-0.9853	-0.0105	0.9988	-0.0475	0.9863	0.0182	0.1640
384872500	2.1759	0.1214	0.7469	0.1652	-0.0299	-0.9858	-0.0019	0.9995	-0.0306	0.9863	0.0070	0.1651
384872625	2.1781	0.1477	0.7435	0.1697	0.0027	-0.9855	0.0054	1.0000	0.0037	0.9855	-0.0060	0.1697
384872750	2.1828	0.1847	0.7340	0.1754	0.0320	-0.9840	0.0192	0.9992	0.0359	0.9843	-0.0251	0.1747
384872875	2.1885	0.2097	0.7240	0.1814	0.0425	-0.9825	0.0271	0.9985	0.0482	0.9830	-0.0353	0.1800
384873000	2.1897	0.2321	0.7203	0.1833	0.0426	-0.9821	0.0351	0.9981	0.0498	0.9824	-0.0436	0.1815
384873125	2.1887	0.2550	0.7191	0.1838	0.0381	-0.9822	0.0394	0.9982	0.0460	0.9822	-0.0472	0.1820
384873250	2.1844	0.2978	0.7094	0.1840	0.0381	-0.9822	0.0415	0.9981	0.0465	0.9821	-0.0493	0.1820
384873375	2.1791	0.3460	0.7002	0.1856	0.0368	-0.9819	0.0389	0.9982	0.0448	0.9819	-0.0465	0.1838
384873500	2.1725	0.3994	0.6976	0.1860	0.0286	-0.9821	0.0348	0.9988	0.0357	0.9819	-0.0409	0.1848
384873625	2.1713	0.4420	0.7047	0.1830	0.0362	-0.9824	0.0120	0.9992	0.0390	0.9830	-0.0190	0.1824
384873750	2.1756	0.4871	0.7090	0.1836	0.0261	-0.9827	0.0004	0.9996	0.0266	0.9830	-0.0052	0.1835
384873875	2.1800	0.5239	0.7085	0.1830	0.0096	-0.9831	-0.0183	0.9998	0.0064	0.9829	0.0169	0.1832
384874000	2.1817	0.5697	0.7079	0.1813	-0.0045	-0.9834	-0.0321	0.9994	-0.0105	0.9829	0.0335	0.1810
384874125	2.1858	0.6119	0.7040	0.1847	-0.0023	-0.9828	-0.0488	0.9987	-0.0115	0.9816	0.0501	0.1844
384874250	2.1956	0.6356	0.7021	0.1862	0.0044	-0.9825	-0.0623	0.9980	-0.0073	0.9805	0.0626	0.1861
384874375	2.1993	0.6582	0.6957	0.1891	0.0174	-0.9818	-0.0688	0.9976	0.0044	0.9795	0.0667	0.1899
384874500	2.2074	0.6673	0.6958	0.1884	0.0267	-0.9817	-0.0665	0.9977	0.0143	0.9798	0.0626	0.1898
384874625	2.2087	0.6814	0.6944	0.1885	0.0162	-0.9819	-0.0581	0.9983	0.0053	0.9804	0.0561	0.1891
384874750	2.2101	0.6995	0.6940	0.1881	-0.0011	-0.9821	-0.0504	0.9987	-0.0107	0.9809	0.0515	0.1878
384874875	2.2137	0.7274	0.6863	0.1902	-0.0217	-0.9815	-0.0338	0.9990	-0.0287	0.9812	0.0387	0.1892
384875000	2.2260	0.7485	0.6888	0.1809	-0.0166	-0.9834	-0.0288	0.9993	-0.0222	0.9831	0.0324	0.1803
384875125	2.2352	0.7222	0.7015	0.1678	0.0457	-0.9848	-0.0491	0.9981	0.0380	0.9846	0.0420	0.1698
384875250	2.2450	0.7182	0.7047	0.1524	0.0684	-0.9859	-0.0600	0.9964	0.0598	0.9865	0.0501	0.1560
384875375	2.2505	0.7153	0.7087	0.1454	0.0651	-0.9872	-0.0580	0.9967	0.0572	0.9877	0.0490	0.1487
384875500	2.2544	0.7228	0.7160	0.1426	0.0515	-0.9884	-0.0468	0.9979	0.0452	0.9887	0.0398	0.1447
384875625	2.2530	0.7416	0.7186	0.1497	0.0446	-0.9877	-0.0267	0.9988	0.0410	0.9884	0.0202	0.1507
384875750	2.2454	0.7693	0.7150	0.1610	0.0458	-0.9859	-0.0035	0.9989	0.0459	0.9870	-0.0040	0.1610
384875875	2.2362	0.7996	0.7045	0.1792	0.0619	-0.9819	0.0187	0.9976	0.0663	0.9836	-0.0303	0.1776
384876000	2.2293	0.8166	0.6814	0.2086	0.0632	-0.9760	0.0398	0.9965	0.0730	0.9772	-0.0540	0.2054
384876125	2.2183	0.8201	0.6585	0.2363	0.0558	-0.9701	0.0495	0.9964	0.0694	0.9704	-0.0645	0.2327
384876250	2.2094	0.8182	0.6359	0.2684	0.0466	-0.9622	0.0469	0.9970	0.0614	0.9622	-0.0616	0.2654
384876375	2.2032	0.8200	0.6084	0.3021	0.0365	-0.9526	0.0373	0.9980	0.0501	0.9526	-0.0506	0.3001
384876500	2.1985	0.8254	0.5772	0.3341	0.0256	-0.9422	0.0270	0.9990	0.0367	0.9421	-0.0377	0.3331
384876625	2.1850	0.8274	0.5440	0.3715	0.0074	-0.9284	0.0244	0.9995	0.0178	0.9281	-0.0293	0.3712
384876750	2.1530	0.8346	0.5264	0.3997	-0.0045	-0.9166	0.0233	0.9997	0.0053	0.9163	-0.0235	0.3997
384876875	2.1135	0.8407	0.5064	0.4341	-0.0017	-0.9008	0.0254	0.9996	0.0103	0.9005	-0.0274	0.4340
384877000	2.0699	0.8431	0.4909	0.4633	0.0113	-0.8861	0.0214	0.9995	0.0240	0.8860	-0.0300	0.4628
384877125	2.0365	0.8443	0.4614	0.4947	0.0123	-0.8690	0.0127	0.9997	0.0214	0.8690	-0.0216	0.4944
384877250	2.0103	0.8354	0.4343	0.5257	0.0100	-0.8506	0.0107	0.9998	0.0183	0.8506	-0.0187	0.5254
384877375	1.9846	0.8251	0.4027	0.5509	0.0034	-0.8346	0.0058	1.0000	0.0079	0.8346	-0.0092	0.5509
384877500	1.9563	0.8136	0.3550	0.5831	-0.0034	-0.8124	-0.0018	1.0000	-0.0055	0.8124	0.0046	0.5830
384877625	1.9172	0.8017	0.3042	0.6072	-0.0015	-0.7946	-0.0125	0.9999	-0.0114	0.7945	0.0169	0.6071
384877750	1.8818	0.8075	0.2499	0.6342	-0.0018	-0.7732	-0.0235	0.9995	-0.0216	0.7728	0.0318	0.6338
384877875	1.8449	0.8111	0.1895	0.6637	-0.0034	-0.7480	-0.0259	0.9993	-0.0275	0.7475	0.0376	0.6632
384878000	1.8039	0.8184	0.1334	0.6892	-0.0034	-0.7246	-0.0245	0.9993	-0.0280	0.7242	0.0370	0.6886
384878125	1.7598	0.8334	0.0722	0.7145	-0.0075	-0.6996	-0.0137	0.9996	-0.0248	0.6995	0.0273	0.7141
384878250	1.7047	0.8686	0.0077	0.7393	-0.0246	-0.6729	0.0150	0.9997	-0.0201	0.6732	0.0048	0.7394
384878375	1.6405	0.8843	-0.0496	0.7667	-0.0077	-0.6419	0.0205	0.9997	0.0125	0.6417	-0.0227	0.7667
384878500	1.5780	0.9025	-0.1019	0.7851	0.0085	-0.6193	0.0246	0.9987	0.0449	0.6189	-0.0505	0.7839
384878625	1.5225	0.9198	-0.1730	0.8101	0.0145	-0.5861	0.0294	0.9974	0.0654	0.5855	-0.0702	0.8076
384878750	1.4669	0.9048	-0.2389	0.8297	0.0171	-0.5580	0.0239	0.9975	0.0661	0.5577	-0.0682	0.8272
384878875	1.4091	0.9025	-0.3069	0.8484	0.0131	-0.5291	0.0255	0.9975	0.0656	0.5287	-0.0692	0.8460
384879000	1.3598	0.9162	-0.3750	0.8694	0.0285	-0.4932	0.0087	0.9973	0.0729	0.4940	-0.0677	0.8668
384879125	1.3109	0.9477	-0.4376	0.8864	0.0434	-0.4609	-0.0041	0.9963	0.0859	0.4629	-0.0743	0.8833
384879250	1.2518	0.9542	-0.5058	0.9005	0.0511	-0.4319	-0.0138	0.9959	0.0892	0.4347	-0.0744	0.8975
384879375	1.1801	0.9506	-0.5723	0.9108	0.0433	-0.4105	-0.0077	0.9961	0.0879	0.4128	-0.0768	0.9076
384879500	1.1014	0.9619	-0.6328	0.9222	0.0491	-0.3837	-0.0161	0.9959	0.0889	0.3865	-0.0759	0.9192
384879625	1.0256	0.9871	-0.6864	0.9303	0.0498	-0.3634	-0.0190	0.9959	0.0879	0.3663	-0.0749	0.9275
384879750	0.9639	1.0007	-0.7496	0.9396	0.0552	-0.3378	-0.0277	0.9959	0.0856	0.3412	-0.0710	0.9373
384879875	0.9166	1.0202	-0.8250	0.9504	0.0475	-0.3073	-0.0209	0.9958	0.0893	0.3102	-0.0785	0.9474
384880000	0.8745	1.0437	-0.9142	0.9579	0.0237	-0.2860	-0.0006	0.9967	0.0807	0.2869	-0.0771	0.9548
384880125	0.8302	1.0732	-0.9932	0.9642	-0.0057	-0.2651	0.0274	0.9966	0.0783	0.2638	-0.0827	0.9610
384880250	0.7780	1.0950	-1.0675	0.9714	-0.0047	-0.2372	0.0245	0.9964	0.0807	0.2360	-0.0842	0.9681
384880375	0.7325	1.1059	-1.1347	0.9761	0.0183	-0.2164	0.0022	0.9956	0.0941	0.2172	-0.0923	0.9718
384880500	0.6818	1.1198	-1.2094	0.9809	0.0175	-0.1938	0.0022	0.9949	0.1007	0.1946	-0.0992	0.9759
384880625	0.6335	1.1302	-1.2664	0.9876	0.0172	-0.1560	0.0015	0.9929	0.1193	0.1569	-0.1180	0.9805
384880750	0.5950	1.1477	-1.3252	0.9917	0.0122	-0.1281	0.0054	0.9907	0.1358	0.1285	-0.1354	0.9824
384880875	0.5684	1.1713	-1.3780	0.9951	0.0060	-0.0985	0.0088	0.9889	0.1485	0.0983	-0.1487	0.9840
384881000	0.5509	1.1818	-1.4424	0.9978	0.0050	-0.0663	0.0055	0.9875	0.1575	0.0663	-0.1575	0.9853
384881125	0.5372	1.1805	-1.5077	0.9990	0.0189	-0.0404	-0.0122	0.9871	0.1599	0.0429	-0.1593	0.9863
384881250	0.5264	1.1844	-1.5693	0.9996	0.0247	-0.0165	-0.0218	0.9869	0.1600	0.0203	-0.1596	0.9870
384881375	0.5137	1.1861	-1.6285	0.9994	0.0339	0.0028	-0.0340	0.9873	0.1553	0.0025	-0.1553	0.9879
384881500	0.4851	1.1910	-1.6893	0.9985	0.0511	0.0217	-0.0538	0.9868	0.1525	-0.0137	-0.1534	0.9881
384881625	0.4604	1.1999	-1.7480	0.9975	0.0589	0.0380	-0.0640	0.9866	0.1502	-0.0287	-0.1523	0.9879
384881750	0.4340	1.1985	-1.7956	0.9969	0.0553	0.0562	-0.0631	0.9867	0.1496	-0.0472	-0.1527	0.9871
384881875	0.4267	1.2176	-1.8389	0.9959	0.0493	0.0761	-0.0604	0.9865	0.1520	-0.0676	-0.1560	0.9854
384882000	0.4155	1.2108	-1.8750	0.9938	0.0626	0.0921	-0.0756	0.9865	0.1455	-0.0817	-0.1516	0.9851
384882125	0.4043	1.1814	-1.9055	0.9915	0.0815	0.1015	-0.0952	0.9858	0.1384	-0.0888	-0.1468	0.9852
384882250	0.4129	1.1750	-1.9299	0.9896	0.0846	0.1163	-0.1009	0.9846	0.1427	-0.1024	-0.1530	0.9829
384882375	0.4201	1.1781	-1.9484	0.9882	0.0849	0.1273	-0.1044	0.9824	0.1552	-0.1119	-0.1666	0.9796
384882500	0.4194	1.1837	-1.9499	0.9881	0.0746	0.1345	-0.0982	0.9790	0.1786	-0.1184	-0.1897	0.9747
384882625	0.4202	1.2040	-1.9608	0.9899	0.0545	0.1309	-0.0813	0.9744	0.2094	-0.1161	-0.2179	0.9690
384882750	0.4210	1.2254	-1.9755	0.9908	0.0350	0.1311	-0.0665	0.9675	0.2441	-0.1183	-0.2506	0.9608
384882875	0.4231	1.2391	-1.9908	0.9906	0.0287	0.1335	-0.0637	0.9618	0.2662	-0.1208	-0.2722	0.9546
384883000	0.4225	1.2465	-2.0082	0.9898	0.0415	0.1362	-0.0778	0.9588	0.2732	-0.1193	-0.2810	0.9523
384883125	0.4181	1.2485	-2.0288	0.9886	0.0616	0.1376	-0.0971	0.9583	0.2686	-0.1153	-0.2789	0.9534
384883250	0.4153	1.2483	-2.0489	0.9883	0.0719	0.1344	-0.1051	0.9602	0.2589	-0.1104	-0.2700	0.9565
384883375	0.4075	1.2418	-2.0632	0.9897	0.0723	0.1233	-0.1011	0.9638	0.2466	-0.1010	-0.2565	0.9612
384883500	0.4041	1.2435	-2.0816	0.9915	0.0642	0.1133	-0.0897	0.9675	0.2365	-0.0944	-0.2447	0.9650
384883625	0.4006	1.2423	-2.0980	0.9926	0.0560	0.1080	-0.0790	0.9718	0.2221	-0.0925	-0.2290	0.9690
384883750	0.3935	1.2419	-2.1149	0.9927	0.0651	0.1017	-0.0849	0.9753	0.2039	-0.0859	-0.2110	0.9737
384883875	0.3859	1.2367	-2.1307	0.9927	0.0744	0.0946	-0.0911	0.9783	0.1861	-0.0787	-0.1933	0.9780
384884000	0.3800	1.2365	-2.1398	0.9936	0.0727	0.0868	-0.0869	0.9811	0.1731	-0.0726	-0.1796	0.9811
384884125	0.3751	1.2415	-2.1466	0.9949	0.0617	0.0802	-0.0746	0.9829	0.1685	-0.0684	-0.1736	0.9824
384884250	0.3742	1.2451	-2.1523	0.9957	0.0505	0.0773	-0.0631	0.9835	0.1698	-0.0674	-0.1740	0.9824
384884375	0.3759	1.2462	-2.1544	0.9958	0.0474	0.0781	-0.0604	0.9829	0.1737	-0.0686	-0.1777	0.9817
384884500	0.3790	1.2505	-2.1552	0.9955	0.0491	0.0811	-0.0632	0.9815	0.1809	-0.0708	-0.1852	0.9801
384884625	0.3809	1.2492	-2.1570	0.9950	0.0559	0.0826	-0.0706	0.9798	0.1872	-0.0705	-0.1921	0.9788
384884750	0.3817	1.2510	-2.1572	0.9944	0.0620	0.0858	-0.0776	0.9783	0.1921	-0.0720	-0.1977	0.9776
384884875	0.3807	1.2538	-2.1604	0.9943	0.0636	0.0850	-0.0792	0.9776	0.1951	-0.0707	-0.2007	0.9771
384885000	0.3833	1.2553	-2.1621	0.9944	0.0588	0.0876	-0.0753	0.9773	0.1978	-0.0740	-0.2033	0.9763
384885125	0.3870	1.2551	-2.1640	0.9947	0.0534	0.0874	-0.0700	0.9772	0.2003	-0.0747	-0.2053	0.9758
384885250	0.3905	1.2552	-2.1646	0.9949	0.0509	0.0876	-0.0677	0.9772	0.2011	-0.0754	-0.2060	0.9757
384885375	0.3905	1.2538	-2.1664	0.9949	0.0524	0.0866	-0.0689	0.9773	0.2002	-0.0742	-0.2051	0.9759
384885500	0.3911	1.2503	-2.1669	0.9951	0.0528	0.0840	-0.0688	0.9773	0.2004	-0.0715	-0.2051	0.9761
384885625	0.3923	1.2495	-2.1652	0.9953	0.0498	0.0836	-0.0660	0.9768	0.2035	-0.0715	-0.2081	0.9755
384885750	0.3917	1.2464	-2.1650	0.9956	0.0464	0.0813	-0.0624	0.9763	0.2071	-0.0698	-0.2112	0.9749
384885875	0.3941	1.2488	-2.1637	0.9957	0.0452	0.0809	-0.0616	0.9753	0.2122	-0.0693	-0.2162	0.9739
384886000	0.3943	1.2548	-2.1634	0.9959	0.0458	0.0780	-0.0618	0.9741	0.2174	-0.0660	-0.2213	0.9730
384886125	0.3942	1.2520	-2.1641	0.9961	0.0466	0.0747	-0.0621	0.9735	0.2201	-0.0625	-0.2239	0.9726
384886250	0.3947	1.2497	-2.1637	0.9963	0.0491	0.0703	-0.0636	0.9730	0.2218	-0.0575	-0.2254	0.9726
384886375	0.3939	1.2500	-2.1723	0.9965	0.0521	0.0651	-0.0654	0.9729	0.2218	-0.0518	-0.2253	0.9729
384886500	0.3920	1.2479	-2.1790	0.9968	0.0518	0.0604	-0.0640	0.9733	0.2204	-0.0473	-0.2235	0.9735
384886625	0.3882	1.2443	-2.1843	0.9973	0.0485	0.0556	-0.0595	0.9742	0.2178	-0.0436	-0.2205	0.9744
384886750	0.3848	1.2386	-2.1921	0.9976	0.0490	0.0499	-0.0586	0.9749	0.2149	-0.0381	-0.2173	0.9754
384886875	0.3845	1.2395	-2.1974	0.9979	0.0469	0.0453	-0.0555	0.9754	0.2132	-0.0342	-0.2153	0.9760
384887000	0.3814	1.2392	-2.2026	0.9979	0.0481	0.0428	-0.0561	0.9758	0.2114	-0.0316	-0.2134	0.9765
384887125	0.3790	1.2400	-2.2063	0.9978	0.0509	0.0419	-0.0587	0.9752	0.2132	-0.0300	-0.2152	0.9761
384887250	0.3778	1.2398	-2.2048	0.9976	0.0573	0.0397	-0.0645	0.9747	0.2139	-0.0264	-0.2159	0.9760
384887375	0.3771	1.2431	-2.2068	0.9976	0.0577	0.0388	-0.0648	0.9743	0.2159	-0.0254	-0.2179	0.9756
384887500	0.3782	1.2471	-2.2087	0.9979	0.0514	0.0389	-0.0587	0.9743	0.2175	-0.0267	-0.2193	0.9753
384887625	0.3781	1.2483	-2.2122	0.9979	0.0502	0.0406	-0.0579	0.9739	0.2195	-0.0285	-0.2214	0.9748
384887750	0.3796	1.2459	-2.2136	0.9979	0.0507	0.0406	-0.0584	0.9739	0.2193	-0.0285	-0.2213	0.9748
384887875	0.3802	1.2465	-2.2158	0.9976	0.0547	0.0417	-0.0625	0.9737	0.2193	-0.0287	-0.2214	0.9748
384888000	0.3822	1.2458	-2.2153	0.9976	0.0549	0.0430	-0.0630	0.9738	0.2183	-0.0299	-0.2205	0.9749
384888125	0.3829	1.2418	-2.2170	0.9974	0.0583	0.0426	-0.0660	0.9748	0.2132	-0.0291	-0.2155	0.9761
384888250	0.3810	1.2353	-2.2144	0.9973	0.0630	0.0380	-0.0696	0.9751	0.2107	-0.0238	-0.2127	0.9768
384888375	0.3804	1.2296	-2.2170	0.9971	0.0687	0.0312	-0.0737	0.9756	0.2067	-0.0163	-0.2084	0.9779
384888500	0.3782	1.2222	-2.2204	0.9967	0.0764	0.0273	-0.0803	0.9763	0.2010	-0.0113	-0.2025	0.9792
384888625	0.3759	1.2193	-2.2203	0.9964	0.0820	0.0229	-0.0849	0.9772	0.1948	-0.0064	-0.1960	0.9806
384888750	0.3687	1.2186	-2.2217	0.9963	0.0819	0.0246	-0.0851	0.9791	0.1845	-0.0090	-0.1859	0.9825
384888875	0.3639	1.2164	-2.2230	0.9968	0.0757	0.0271	-0.0793	0.9818	0.1727	-0.0135	-0.1743	0.9846
384889000	0.3656	1.2097	-2.2244	0.9972	0.0679	0.0327	-0.0723	0.9843	0.1610	-0.0213	-0.1629	0.9864
384889125	0.3751	1.1987	-2.2220	0.9969	0.0674	0.0395	-0.0726	0.9862	0.1487	-0.0290	-0.1511	0.9881
384889250	0.3894	1.1899	-2.2183	0.9966	0.0647	0.0517	-0.0713	0.9876	0.1396	-0.0420	-0.1428	0.9889
384889375	0.4016	1.1821	-2.2153	0.9963	0.0607	0.0601	-0.0683	0.9885	0.1350	-0.0513	-0.1386	0.9890
384889500	0.4190	1.1787	-2.2139	0.9964	0.0538	0.0658	-0.0625	0.9883	0.1393	-0.0576	-0.1429	0.9881
384889625	0.4298	1.1729	-2.2205	0.9966	0.0441	0.0702	-0.0540	0.9878	0.1463	-0.0629	-0.1496	0.9867
384889750	0.4354	1.1785	-2.2227	0.9968	0.0367	0.0710	-0.0474	0.9867	0.1552	-0.0644	-0.1581	0.9853
384889875	0.4423	1.1864	-2.2276	0.9971	0.0298	0.0702	-0.0411	0.9854	0.1652	-0.0643	-0.1676	0.9838
384890000	0.4405	1.1981	-2.2260	0.9972	0.0314	0.0683	-0.0431	0.9835	0.1757	-0.0617	-0.1782	0.9821
384890125	0.4420	1.2069	-2.2288	0.9972	0.0367	0.0644	-0.0481	0.9813	0.1864	-0.0564	-0.1890	0.9804
384890250	0.4405	1.2117	-2.2290	0.9972	0.0397	0.0631	-0.0512	0.9803	0.1910	-0.0543	-0.1937	0.9796
384890375	0.4382	1.2173	-2.2246	0.9973	0.0426	0.0599	-0.0536	0.9791	0.1961	-0.0503	-0.1988	0.9788
384890500	0.4367	1.2197	-2.2204	0.9977	0.0406	0.0544	-0.0507	0.9788	0.1984	-0.0452	-0.2007	0.9786
384890625	0.4354	1.2210	-2.2163	0.9981	0.0349	0.0501	-0.0442	0.9792	0.1979	-0.0421	-0.1997	0.9789
384890750	0.4305	1.2212	-2.2130	0.9981	0.0368	0.0493	-0.0458	0.9797	0.1950	-0.0411	-0.1969	0.9796
384890875	0.4301	1.2203	-2.2122	0.9977	0.0442	0.0510	-0.0532	0.9798	0.1928	-0.0414	-0.1951	0.9799
384891000	0.4304	1.2181	-2.2095	0.9974	0.0527	0.0498	-0.0614	0.9794	0.1924	-0.0386	-0.1950	0.9801
384891125	0.4312	1.2139	-2.2020	0.9970	0.0567	0.0523	-0.0658	0.9794	0.1911	-0.0404	-0.1940	0.9802
384891250	0.4308	1.2156	-2.1923	0.9967	0.0593	0.0552	-0.0690	0.9784	0.1947	-0.0424	-0.1979	0.9793
384891375	0.4354	1.2170	-2.1842	0.9965	0.0539	0.0636	-0.0657	0.9773	0.2015	-0.0513	-0.2050	0.9774
384891500	0.4387	1.2228	-2.1747	0.9964	0.0488	0.0689	-0.0623	0.9759	0.2090	-0.0570	-0.2125	0.9755
384891625	0.4456	1.2317	-2.1681	0.9961	0.0459	0.0758	-0.0615	0.9740	0.2181	-0.0638	-0.2219	0.9730
384891750	0.4472	1.2362	-2.1652	0.9958	0.0480	0.0784	-0.0644	0.9728	0.2225	-0.0656	-0.2267	0.9718
384891875	0.4503	1.2421	-2.1660	0.9955	0.0484	0.0808	-0.0659	0.9710	0.2297	-0.0674	-0.2340	0.9699
384892000	0.4483	1.2450	-2.1676	0.9952	0.0537	0.0823	-0.0716	0.9696	0.2339	-0.0673	-0.2387	0.9688
384892125	0.4483	1.2512	-2.1726	0.9948	0.0577	0.0840	-0.0762	0.9685	0.2372	-0.0676	-0.2424	0.9678
384892250	0.4462	1.2547	-2.1776	0.9947	0.0587	0.0848	-0.0777	0.9674	0.2410	-0.0679	-0.2463	0.9668
384892375	0.4456	1.2618	-2.1835	0.9947	0.0548	0.0871	-0.0746	0.9667	0.2447	-0.0708	-0.2499	0.9657
384892500	0.4424	1.2700	-2.1901	0.9951	0.0496	0.0859	-0.0696	0.9662	0.2481	-0.0707	-0.2529	0.9649
384892625	0.4393	1.2810	-2.1961	0.9956	0.0417	0.0835	-0.0616	0.9658	0.2519	-0.0701	-0.2559	0.9642
384892750	0.4354	1.2976	-2.1982	0.9957	0.0333	0.0863	-0.0545	0.9649	0.2570	-0.0747	-0.2606	0.9626
384892875	0.4313	1.3114	-2.1986	0.9956	0.0261	0.0897	-0.0490	0.9635	0.2634	-0.0795	-0.2666	0.9605
384893000	0.4228	1.3206	-2.1897	0.9957	0.0205	0.0906	-0.0446	0.9610	0.2728	-0.0815	-0.2757	0.9578
384893125	0.4195	1.3308	-2.1819	0.9959	0.0191	0.0880	-0.0434	0.9581	0.2832	-0.0789	-0.2859	0.9550
384893250	0.4186	1.3423	-2.1751	0.9962	0.0178	0.0858	-0.0427	0.9538	0.2975	-0.0765	-0.3000	0.9509
384893375	0.4172	1.3507	-2.1641	0.9963	0.0148	0.0850	-0.0411	0.9477	0.3164	-0.0759	-0.3187	0.9448
384893500	0.4171	1.3608	-2.1616	0.9966	0.0111	0.0817	-0.0379	0.9416	0.3346	-0.0732	-0.3365	0.9388
384893625	0.4143	1.3715	-2.1569	0.9967	0.0091	0.0804	-0.0369	0.9354	0.3518	-0.0720	-0.3536	0.9326
384893750	0.4114	1.3800	-2.1583	0.9972	0.0067	0.0748	-0.0335	0.9313	0.3628	-0.0672	-0.3643	0.9289
384893875	0.4084	1.3854	-2.1607	0.9974	0.0066	0.0717	-0.0326	0.9288	0.3691	-0.0642	-0.3705	0.9266
384894000	0.4042	1.3884	-2.1677	0.9975	0.0110	0.0699	-0.0362	0.9281	0.3706	-0.0608	-0.3722	0.9261
384894125	0.4017	1.3840	-2.1731	0.9978	0.0111	0.0659	-0.0345	0.9301	0.3658	-0.0572	-0.3673	0.9284
384894250	0.4001	1.3769	-2.1773	0.9981	0.0085	0.0615	-0.0301	0.9323	0.3605	-0.0543	-0.3617	0.9307
384894375	0.3997	1.3707	-2.1777	0.9984	0.0073	0.0569	-0.0270	0.9348	0.3541	-0.0507	-0.3550	0.9335
384894500	0.3968	1.3623	-2.1773	0.9984	0.0092	0.0556	-0.0279	0.9376	0.3466	-0.0489	-0.3476	0.9364
384894625	0.3969	1.3582	-2.1757	0.9984	0.0144	0.0538	-0.0319	0.9395	0.3412	-0.0456	-0.3423	0.9385
384894750	0.3949	1.3488	-2.1752	0.9983	0.0221	0.0535	-0.0388	0.9414	0.3350	-0.0429	-0.3365	0.9407
384894875	0.3920	1.3429	-2.1773	0.9982	0.0291	0.0524	-0.0448	0.9428	0.3302	-0.0398	-0.3320	0.9424
384895000	0.3924	1.3405	-2.1780	0.9982	0.0318	0.0516	-0.0469	0.9440	0.3266	-0.0383	-0.3285	0.9437
384895125	0.3909	1.3389	-2.1804	0.9981	0.0350	0.0503	-0.0494	0.9451	0.3230	-0.0363	-0.3248	0.9451
384895250	0.3915	1.3352	-2.1828	0.9983	0.0340	0.0483	-0.0477	0.9460	0.3205	-0.0348	-0.3223	0.9460
384895375	0.3909	1.3334	-2.1827	0.9984	0.0308	0.0473	-0.0442	0.9469	0.3185	-0.0350	-0.3200	0.9468
384895500	0.3904	1.3318	-2.1855	0.9985	0.0280	0.0472	-0.0415	0.9482	0.3149	-0.0360	-0.3164	0.9479
384895625	0.3890	1.3295	-2.1871	0.9985	0.0284	0.0472	-0.0417	0.9494	0.3114	-0.0360	-0.3129	0.9491
384895750	0.3884	1.3257	-2.1871	0.9985	0.0305	0.0465	-0.0434	0.9503	0.3083	-0.0348	-0.3099	0.9501
384895875	0.3858	1.3250	-2.1870	0.9986	0.0323	0.0423	-0.0438	0.9506	0.3073	-0.0303	-0.3087	0.9507
384896000	0.3808	1.3220	-2.1860	0.9988	0.0334	0.0366	-0.0430	0.9513	0.3053	-0.0246	-0.3065	0.9515
384896125	0.3793	1.3180	-2.1841	0.9989	0.0345	0.0314	-0.0424	0.9515	0.3046	-0.0194	-0.3056	0.9520
384896250	0.3759	1.3175	-2.1832	0.9991	0.0348	0.0242	-0.0405	0.9518	0.3042	-0.0124	-0.3049	0.9523
384896375	0.3702	1.3210	-2.1831	0.9992	0.0358	0.0158	-0.0389	0.9519	0.3040	-0.0042	-0.3044	0.9525
384896500	0.3634	1.3226	-2.1786	0.9992	0.0408	0.0040	-0.0401	0.9507	0.3076	0.0087	-0.3075	0.9515
384896625	0.3575	1.3248	-2.1759	0.9989	0.0461	-0.0058	-0.0420	0.9497	0.3102	0.0198	-0.3096	0.9506
384896750	0.3472	1.3277	-2.1720	0.9985	0.0527	-0.0153	-0.0452	0.9477	0.3159	0.0311	-0.3148	0.9487
384896875	0.3359	1.3283	-2.1708	0.9979	0.0594	-0.0238	-0.0488	0.9466	0.3187	0.0414	-0.3168	0.9476
384897000	0.3274	1.3307	-2.1658	0.9973	0.0647	-0.0336	-0.0504	0.9451	0.3230	0.0527	-0.3204	0.9458
384897125	0.3213	1.3296	-2.1634	0.9969	0.0661	-0.0422	-0.0488	0.9441	0.3259	0.0614	-0.3228	0.9445
384897250	0.3140	1.3290	-2.1600	0.9965	0.0669	-0.0509	-0.0466	0.9435	0.3281	0.0699	-0.3246	0.9433
384897375	0.3087	1.3289	-2.1559	0.9962	0.0680	-0.0551	-0.0462	0.9434	0.3283	0.0743	-0.3245	0.9430
384897500	0.3042	1.3279	-2.1550	0.9957	0.0708	-0.0603	-0.0472	0.9434	0.3282	0.0802	-0.3239	0.9427
384897625	0.3014	1.3276	-2.1541	0.9953	0.0742	-0.0618	-0.0497	0.9426	0.3302	0.0827	-0.3256	0.9419
384897750	0.2981	1.3278	-2.1539	0.9952	0.0748	-0.0628	-0.0501	0.9431	0.3286	0.0838	-0.3239	0.9424
384897875	0.2966	1.3270	-2.1531	0.9951	0.0751	-0.0650	-0.0499	0.9437	0.3270	0.0859	-0.3222	0.9428
384898000	0.2968	1.3235	-2.1537	0.9947	0.0789	-0.0656	-0.0533	0.9438	0.3261	0.0876	-0.3209	0.9431
384898125	0.2943	1.3199	-2.1529	0.9945	0.0796	-0.0678	-0.0535	0.9444	0.3243	0.0898	-0.3189	0.9435
384898250	0.2934	1.3225	-2.1509	0.9943	0.0822	-0.0673	-0.0561	0.9442	0.3244	0.0902	-0.3188	0.9435
384898375	0.2936	1.3206	-2.1521	0.9941	0.0839	-0.0692	-0.0571	0.9440	0.3248	0.0926	-0.3190	0.9432
384898500	0.2918	1.3191	-2.1493	0.9939	0.0837	-0.0711	-0.0563	0.9442	0.3246	0.0944	-0.3186	0.9432
384898625	0.2873	1.3167	-2.1468	0.9933	0.0854	-0.0779	-0.0555	0.9436	0.3263	0.1014	-0.3198	0.9420
384898750	0.2852	1.3191	-2.1440	0.9929	0.0840	-0.0842	-0.0522	0.9437	0.3265	0.1069	-0.3198	0.9414
384898875	0.2818	1.3176	-2.1420	0.9919	0.0884	-0.0908	-0.0542	0.9436	0.3266	0.1145	-0.3190	0.9408
384899000	0.2797	1.3177	-2.1396	0.9911	0.0888	-0.0990	-0.0518	0.9434	0.3275	0.1225	-0.3195	0.9396
384899125	0.2737	1.3166	-2.1342	0.9896	0.0966	-0.1064	-0.0571	0.9437	0.3257	0.1319	-0.3162	0.9395
384899250	0.2682	1.3154	-2.1289	0.9883	0.1019	-0.1132	-0.0600	0.9436	0.3257	0.1400	-0.3151	0.9387
384899375	0.2667	1.3135	-2.1238	0.9870	0.1060	-0.1208	-0.0609	0.9423	0.3291	0.1487	-0.3175	0.9365
384899500	0.2614	1.3174	-2.1206	0.9858	0.1128	-0.1244	-0.0655	0.9403	0.3341	0.1546	-0.3212	0.9343
384899625	0.2551	1.3166	-2.1168	0.9845	0.1196	-0.1282	-0.0699	0.9385	0.3382	0.1608	-0.3240	0.9323
384899750	0.2526	1.3148	-2.1158	0.9837	0.1226	-0.1313	-0.0714	0.9376	0.3404	0.1649	-0.3255	0.9311
384899875	0.2508	1.3148	-2.1149	0.9837	0.1214	-0.1328	-0.0697	0.9376	0.3405	0.1658	-0.3257	0.9308
384900000	0.2522	1.3159	-2.1170	0.9844	0.1171	-0.1312	-0.0665	0.9385	0.3387	0.1628	-0.3248	0.9317
384900125	0.2534	1.3133	-2.1175	0.9849	0.1144	-0.1299	-0.0645	0.9390	0.3377	0.1606	-0.3243	0.9322
384900250	0.2537	1.3106	-2.1210	0.9850	0.1168	-0.1272	-0.0680	0.9393	0.3363	0.1588	-0.3226	0.9331
384900375	0.2543	1.3092	-2.1197	0.9843	0.1226	-0.1269	-0.0739	0.9394	0.3346	0.1602	-0.3200	0.9338
384900500	0.2563	1.3061	-2.1155	0.9849	0.1210	-0.1240	-0.0731	0.9391	0.3359	0.1571	-0.3217	0.9337
384900625	0.2587	1.3000	-2.1073	0.9857	0.1145	-0.1236	-0.0670	0.9396	0.3357	0.1546	-0.3226	0.9338
384900750	0.2618	1.2989	-2.1044	0.9866	0.1054	-0.1243	-0.0578	0.9395	0.3376	0.1523	-0.3259	0.9331
384900875	0.2622	1.2991	-2.0979	0.9878	0.0943	-0.1243	-0.0468	0.9390	0.3407	0.1488	-0.3307	0.9319
384901000	0.2647	1.3015	-2.0959	0.9881	0.0881	-0.1265	-0.0393	0.9375	0.3457	0.1490	-0.3366	0.9298
384901125	0.2680	1.3060	-2.0901	0.9882	0.0889	-0.1249	-0.0396	0.9349	0.3526	0.1482	-0.3435	0.9274
384901250	0.2730	1.3101	-2.0814	0.9886	0.0911	-0.1202	-0.0419	0.9314	0.3615	0.1449	-0.3524	0.9246
384901375	0.2835	1.3121	-2.0706	0.9893	0.0894	-0.1155	-0.0408	0.9283	0.3696	0.1403	-0.3609	0.9220
384901500	0.2951	1.3072	-2.0562	0.9904	0.0775	-0.1141	-0.0290	0.9259	0.3766	0.1349	-0.3697	0.9193
384901625	0.3001	1.2997	-2.0354	0.9912	0.0736	-0.1099	-0.0261	0.9233	0.3832	0.1296	-0.3770	0.9171
384901750	0.3113	1.2916	-2.0116	0.9925	0.0702	-0.1000	-0.0255	0.9195	0.3922	0.1195	-0.3867	0.9144
384901875	0.3187	1.2572	-1.9868	0.9929	0.0719	-0.0944	-0.0284	0.9164	0.3994	0.1152	-0.3939	0.9119
384902000	0.3233	1.2296	-1.9481	0.9931	0.0707	-0.0935	-0.0275	0.9159	0.4005	0.1140	-0.3952	0.9115
384902125	0.3269	1.2082	-1.9033	0.9933	0.0668	-0.0940	-0.0229	0.9132	0.4068	0.1130	-0.4019	0.9087
