META	HEADER	GNSS location/orientation script
META	VERSION	1.0.0
META	FORMAT	ASCII
META	CONTENT	DEFAULT
META	END
iTOW	Origin_X	Origin_Y	Origin_Z	Basis_XX	Basis_XY	Basis_XZ	Basis_YX	Basis_YY	Basis_YZ	Basis_ZX	Basis_ZY	Basis_ZZ
29267375	-1.8049	0.0252	1.2191	0.4971	-0.0031	-0.8677	-0.0223	0.9996	-0.0164	0.8674	0.0275	0.4969
29267500	-1.8052	0.0232	1.2203	0.4972	-0.0051	-0.8676	-0.0217	0.9996	-0.0183	0.8674	0.0280	0.4969
29267625	-1.8050	0.0244	1.2204	0.4970	-0.0026	-0.8677	-0.0231	0.9996	-0.0162	0.8674	0.0281	0.4968
29267750	-1.8049	0.0241	1.2204	0.4978	-0.0035	-0.8673	-0.0218	0.9996	-0.0166	0.8670	0.0272	0.4975
29267875	-1.8048	0.0238	1.2194	0.4977	-0.0030	-0.8674	-0.0210	0.9997	-0.0156	0.8671	0.0260	0.4974
29268000	-1.8047	0.0237	1.2207	0.4974	-0.0018	-0.8675	-0.0215	0.9997	-0.0145	0.8672	0.0258	0.4972
29268125	-1.8048	0.0241	1.2195	0.4981	-0.0043	-0.8671	-0.0202	0.9997	-0.0166	0.8669	0.0258	0.4979
29268250	-1.8042	0.0277	1.2192	0.4986	-0.0042	-0.8668	-0.0194	0.9997	-0.0160	0.8666	0.0248	0.4984
29268375	-1.8043	0.0259	1.2192	0.4982	-0.0021	-0.8671	-0.0217	0.9997	-0.0148	0.8668	0.0262	0.4980
29268500	-1.8040	0.0258	1.2186	0.4985	-0.0041	-0.8669	-0.0210	0.9996	-0.0168	0.8666	0.0266	0.4983
29268625	-1.8032	0.0277	1.2186	0.4984	-0.0028	-0.8670	-0.0207	0.9997	-0.0151	0.8667	0.0254	0.4981
29268750	-1.8035	0.0271	1.2185	0.4986	-0.0015	-0.8668	-0.0220	0.9997	-0.0143	0.8666	0.0262	0.4984
29268875	-1.8022	0.0291	1.2152	0.5008	-0.0032	-0.8656	-0.0197	0.9997	-0.0151	0.8654	0.0246	0.5006
29269000	-1.8019	0.0303	1.2145	0.5014	-0.0045	-0.8652	-0.0187	0.9997	-0.0161	0.8650	0.0243	0.5012
29269125	-1.8014	0.0314	1.2137	0.5017	-0.0051	-0.8651	-0.0179	0.9997	-0.0163	0.8649	0.0237	0.5014
29269250	-1.8033	0.0291	1.2142	0.5017	-0.0043	-0.8650	-0.0185	0.9997	-0.0157	0.8649	0.0239	0.5015
29269375	-1.8028	0.0289	1.2136	0.5017	-0.0045	-0.8650	-0.0182	0.9997	-0.0157	0.8648	0.0236	0.5015
29269500	-1.8028	0.0298	1.2146	0.5014	-0.0049	-0.8652	-0.0185	0.9997	-0.0164	0.8650	0.0242	0.5011
29269625	-1.8024	0.0295	1.2135	0.5021	-0.0053	-0.8648	-0.0182	0.9997	-0.0167	0.8646	0.0242	0.5018
29269750	-1.8018	0.0299	1.2142	0.5015	-0.0049	-0.8652	-0.0186	0.9997	-0.0164	0.8650	0.0243	0.5012
29269875	-1.8021	0.0304	1.2157	0.5002	-0.0048	-0.8659	-0.0183	0.9997	-0.0161	0.8657	0.0239	0.5000
29270000	-1.8017	0.0305	1.2161	0.5002	-0.0052	-0.8659	-0.0180	0.9997	-0.0164	0.8657	0.0238	0.4999
29270125	-1.8020	0.0304	1.2159	0.5000	-0.0056	-0.8660	-0.0185	0.9997	-0.0171	0.8658	0.0246	0.4997
29270250	-1.8031	0.0299	1.2153	0.4999	-0.0028	-0.8661	-0.0196	0.9997	-0.0146	0.8659	0.0243	0.4997
29270375	-1.8033	0.0287	1.2168	0.4992	-0.0037	-0.8665	-0.0199	0.9997	-0.0157	0.8663	0.0250	0.4990
29270500	-1.8032	0.0286	1.2169	0.4993	-0.0045	-0.8664	-0.0203	0.9997	-0.0168	0.8662	0.0260	0.4991
29270625	-1.8028	0.0283	1.2169	0.4993	-0.0059	-0.8664	-0.0197	0.9996	-0.0181	0.8662	0.0261	0.4990
29270750	-1.8033	0.0293	1.2170	0.4989	-0.0043	-0.8666	-0.0199	0.9997	-0.0164	0.8664	0.0254	0.4987
29270875	-1.8027	0.0288	1.2154	0.4999	-0.0043	-0.8661	-0.0201	0.9997	-0.0165	0.8658	0.0256	0.4997
29271000	-1.8029	0.0289	1.2157	0.5004	-0.0063	-0.8658	-0.0183	0.9997	-0.0178	0.8656	0.0247	0.5001
29271125	-1.8028	0.0292	1.2150	0.5006	-0.0042	-0.8657	-0.0201	0.9997	-0.0164	0.8655	0.0257	0.5003
29271250	-1.8034	0.0321	1.2147	0.5007	-0.0044	-0.8656	-0.0178	0.9997	-0.0154	0.8654	0.0232	0.5005
29271375	-1.8043	0.0307	1.2156	0.5002	-0.0047	-0.8659	-0.0183	0.9997	-0.0160	0.8657	0.0238	0.4999
29271500	-1.8042	0.0314	1.2172	0.4996	-0.0038	-0.8663	-0.0189	0.9997	-0.0152	0.8661	0.0239	0.4994
29271625	-1.8049	0.0320	1.2187	0.4985	-0.0051	-0.8669	-0.0179	0.9997	-0.0162	0.8667	0.0236	0.4982
29271750	-1.8050	0.0333	1.2198	0.4988	-0.0067	-0.8667	-0.0154	0.9997	-0.0166	0.8666	0.0216	0.4986
29271875	-1.8051	0.0327	1.2199	0.4991	-0.0082	-0.8665	-0.0147	0.9997	-0.0180	0.8664	0.0217	0.4988
29272000	-1.8044	0.0321	1.2181	0.4999	-0.0082	-0.8660	-0.0148	0.9997	-0.0180	0.8659	0.0218	0.4997
29272125	-1.8041	0.0317	1.2187	0.4997	-0.0070	-0.8662	-0.0154	0.9997	-0.0170	0.8661	0.0219	0.4994
29272250	-1.8043	0.0326	1.2177	0.5000	-0.0057	-0.8660	-0.0159	0.9997	-0.0158	0.8659	0.0217	0.4998
29272375	-1.8040	0.0335	1.2171	0.4998	-0.0047	-0.8661	-0.0157	0.9998	-0.0145	0.8660	0.0208	0.4996
29272500	-1.8041	0.0337	1.2173	0.5004	-0.0051	-0.8658	-0.0158	0.9998	-0.0150	0.8657	0.0212	0.5002
29272625	-1.8041	0.0336	1.2178	0.4999	-0.0052	-0.8661	-0.0153	0.9998	-0.0148	0.8660	0.0206	0.4997
29272750	-1.8045	0.0351	1.2176	0.5001	-0.0048	-0.8660	-0.0159	0.9998	-0.0147	0.8658	0.0211	0.4999
29272875	-1.8045	0.0342	1.2178	0.5001	-0.0053	-0.8660	-0.0157	0.9998	-0.0151	0.8658	0.0211	0.4999
29273000	-1.8047	0.0346	1.2176	0.5004	-0.0052	-0.8658	-0.0156	0.9998	-0.0150	0.8657	0.0210	0.5002
29273125	-1.8045	0.0354	1.2175	0.5002	-0.0049	-0.8659	-0.0161	0.9998	-0.0149	0.8657	0.0214	0.5000
29273250	-1.8034	0.0339	1.2155	0.5014	-0.0041	-0.8652	-0.0171	0.9997	-0.0146	0.8650	0.0221	0.5013
29273375	-1.8032	0.0312	1.2136	0.5006	-0.0042	-0.8656	-0.0163	0.9998	-0.0143	0.8655	0.0213	0.5005
29273500	-1.8035	0.0308	1.2145	0.5007	-0.0053	-0.8656	-0.0165	0.9997	-0.0156	0.8655	0.0221	0.5005
29273625	-1.8037	0.0319	1.2138	0.5010	-0.0062	-0.8654	-0.0145	0.9998	-0.0155	0.8653	0.0203	0.5008
29273750	-1.8040	0.0319	1.2142	0.5006	-0.0055	-0.8656	-0.0151	0.9998	-0.0151	0.8655	0.0206	0.5004
29273875	-1.8035	0.0311	1.2130	0.5012	-0.0062	-0.8653	-0.0158	0.9997	-0.0163	0.8652	0.0219	0.5010
29274000	-1.8040	0.0321	1.2134	0.5007	-0.0047	-0.8656	-0.0165	0.9998	-0.0150	0.8654	0.0217	0.5005
29274125	-1.8042	0.0327	1.2127	0.5007	-0.0057	-0.8656	-0.0158	0.9998	-0.0157	0.8655	0.0215	0.5005
29274250	-1.8039	0.0308	1.2128	0.5007	-0.0050	-0.8656	-0.0165	0.9997	-0.0153	0.8655	0.0219	0.5004
29274375	-1.8037	0.0329	1.2120	0.5015	-0.0050	-0.8652	-0.0160	0.9998	-0.0150	0.8650	0.0213	0.5013
29274500	-1.8042	0.0311	1.2130	0.5008	-0.0056	-0.8655	-0.0155	0.9998	-0.0154	0.8654	0.0211	0.5006
29274625	-1.8042	0.0314	1.2117	0.5014	-0.0048	-0.8652	-0.0158	0.9998	-0.0147	0.8650	0.0210	0.5012
29274750	-1.8041	0.0319	1.2111	0.5012	-0.0057	-0.8653	-0.0159	0.9998	-0.0157	0.8652	0.0216	0.5010
29274875	-1.8044	0.0322	1.2127	0.5003	-0.0064	-0.8658	-0.0154	0.9997	-0.0163	0.8657	0.0214	0.5001
29275000	-1.8049	0.0318	1.2127	0.5004	-0.0072	-0.8658	-0.0149	0.9997	-0.0169	0.8657	0.0213	0.5001
29275125	-1.8047	0.0329	1.2129	0.4997	-0.0066	-0.8661	-0.0147	0.9998	-0.0161	0.8660	0.0208	0.4995
29275250	-1.8044	0.0312	1.2119	0.5008	-0.0073	-0.8655	-0.0148	0.9997	-0.0170	0.8654	0.0213	0.5006
29275375	-1.8049	0.0309	1.2119	0.5001	-0.0067	-0.8660	-0.0147	0.9998	-0.0162	0.8659	0.0209	0.4998
29275500	-1.8049	0.0314	1.2111	0.5006	-0.0068	-0.8657	-0.0144	0.9998	-0.0161	0.8656	0.0205	0.5004
29275625	-1.8046	0.0327	1.2110	0.4999	-0.0072	-0.8661	-0.0142	0.9998	-0.0165	0.8660	0.0206	0.4997
29275750	-1.8048	0.0315	1.2106	0.5004	-0.0089	-0.8657	-0.0133	0.9997	-0.0179	0.8657	0.0205	0.5002
29275875	-1.8048	0.0294	1.2104	0.4994	-0.0068	-0.8663	-0.0148	0.9998	-0.0164	0.8662	0.0210	0.4992
29276000	-1.8050	0.0291	1.2101	0.4998	-0.0074	-0.8661	-0.0139	0.9998	-0.0166	0.8660	0.0203	0.4996
29276125	-1.8052	0.0303	1.2101	0.4999	-0.0074	-0.8661	-0.0126	0.9998	-0.0158	0.8660	0.0188	0.4997
29276250	-1.8054	0.0303	1.2098	0.5001	-0.0082	-0.8659	-0.0135	0.9998	-0.0173	0.8658	0.0204	0.4999
29276375	-1.8054	0.0293	1.2097	0.4997	-0.0070	-0.8661	-0.0139	0.9998	-0.0161	0.8661	0.0201	0.4995
29276500	-1.8053	0.0294	1.2089	0.5001	-0.0060	-0.8659	-0.0145	0.9998	-0.0154	0.8658	0.0202	0.4999
29276625	-1.8053	0.0309	1.2088	0.4999	-0.0069	-0.8661	-0.0129	0.9998	-0.0154	0.8660	0.0189	0.4997
29276750	-1.8049	0.0299	1.2096	0.5005	-0.0069	-0.8657	-0.0137	0.9998	-0.0159	0.8656	0.0199	0.5003
29276875	-1.8041	0.0319	1.2111	0.5003	-0.0072	-0.8658	-0.0140	0.9998	-0.0164	0.8657	0.0203	0.5001
29277000	-1.8047	0.0314	1.2114	0.5001	-0.0079	-0.8659	-0.0131	0.9998	-0.0167	0.8659	0.0197	0.4999
29277125	-1.8038	0.0298	1.2114	0.5006	-0.0078	-0.8657	-0.0140	0.9998	-0.0171	0.8656	0.0207	0.5003
29277250	-1.8037	0.0312	1.2110	0.5006	-0.0066	-0.8657	-0.0144	0.9998	-0.0159	0.8656	0.0204	0.5004
29277375	-1.8038	0.0316	1.2122	0.4998	-0.0075	-0.8661	-0.0131	0.9998	-0.0162	0.8661	0.0194	0.4995
29277500	-1.8040	0.0313	1.2107	0.4997	-0.0073	-0.8661	-0.0141	0.9998	-0.0166	0.8661	0.0205	0.4995
29277625	-1.8040	0.0312	1.2113	0.4998	-0.0071	-0.8661	-0.0143	0.9998	-0.0164	0.8660	0.0206	0.4996
29277750	-1.8036	0.0288	1.2109	0.4992	-0.0100	-0.8664	-0.0139	0.9997	-0.0195	0.8664	0.0218	0.4989
29277875	-1.8033	0.0294	1.2132	0.4988	-0.0109	-0.8666	-0.0138	0.9997	-0.0205	0.8666	0.0222	0.4985
29278000	-1.8030	0.0286	1.2128	0.4991	-0.0106	-0.8665	-0.0140	0.9997	-0.0203	0.8664	0.0222	0.4988
29278125	-1.8030	0.0302	1.2130	0.4989	-0.0102	-0.8666	-0.0143	0.9997	-0.0200	0.8665	0.0224	0.4986
29278250	-1.8027	0.0300	1.2127	0.4991	-0.0117	-0.8664	-0.0132	0.9997	-0.0211	0.8664	0.0220	0.4988
29278375	-1.8030	0.0293	1.2130	0.4982	-0.0107	-0.8670	-0.0144	0.9997	-0.0206	0.8670	0.0227	0.4978
29278500	-1.8024	0.0293	1.2130	0.4989	-0.0107	-0.8666	-0.0147	0.9997	-0.0208	0.8665	0.0231	0.4986
29278625	-1.8029	0.0301	1.2132	0.4983	-0.0111	-0.8669	-0.0138	0.9997	-0.0207	0.8669	0.0223	0.4980
29278750	-1.8027	0.0306	1.2120	0.4982	-0.0084	-0.8670	-0.0142	0.9997	-0.0178	0.8669	0.0212	0.4980
29278875	-1.8034	0.0304	1.2134	0.4972	-0.0084	-0.8676	-0.0144	0.9997	-0.0179	0.8675	0.0214	0.4970
29279000	-1.8033	0.0304	1.2129	0.4976	-0.0086	-0.8674	-0.0140	0.9997	-0.0179	0.8673	0.0210	0.4973
29279125	-1.8027	0.0308	1.2132	0.4973	-0.0080	-0.8675	-0.0150	0.9997	-0.0178	0.8674	0.0219	0.4971
29279250	-1.8035	0.0316	1.2131	0.4965	-0.0072	-0.8680	-0.0151	0.9997	-0.0170	0.8679	0.0215	0.4963
29279375	-1.8032	0.0323	1.2126	0.4973	-0.0077	-0.8675	-0.0148	0.9997	-0.0174	0.8674	0.0215	0.4971
29279500	-1.8029	0.0312	1.2134	0.4970	-0.0078	-0.8677	-0.0145	0.9997	-0.0174	0.8677	0.0212	0.4967
29279625	-1.8029	0.0307	1.2132	0.4971	-0.0087	-0.8677	-0.0145	0.9997	-0.0183	0.8676	0.0216	0.4968
29279750	-1.8030	0.0318	1.2130	0.4973	-0.0078	-0.8675	-0.0149	0.9997	-0.0175	0.8674	0.0217	0.4971
29279875	-1.8031	0.0330	1.2132	0.4970	-0.0080	-0.8677	-0.0143	0.9997	-0.0175	0.8676	0.0211	0.4967
29280000	-1.8034	0.0330	1.2130	0.4967	-0.0063	-0.8679	-0.0158	0.9997	-0.0163	0.8678	0.0218	0.4965
29280125	-1.8036	0.0327	1.2135	0.4968	-0.0071	-0.8678	-0.0150	0.9997	-0.0168	0.8677	0.0214	0.4966
29280250	-1.8029	0.0326	1.2128	0.4975	-0.0083	-0.8674	-0.0145	0.9997	-0.0179	0.8673	0.0214	0.4973
29280375	-1.8035	0.0329	1.2132	0.4967	-0.0091	-0.8679	-0.0137	0.9997	-0.0183	0.8678	0.0210	0.4965
29280500	-1.8031	0.0325	1.2127	0.4972	-0.0080	-0.8676	-0.0146	0.9997	-0.0176	0.8675	0.0214	0.4970
29280625	-1.8032	0.0333	1.2131	0.4968	-0.0098	-0.8678	-0.0142	0.9997	-0.0195	0.8677	0.0220	0.4965
29280750	-1.8040	0.0338	1.2135	0.4963	-0.0078	-0.8681	-0.0147	0.9997	-0.0174	0.8680	0.0214	0.4961
29280875	-1.8051	0.0341	1.2128	0.4964	-0.0086	-0.8681	-0.0146	0.9997	-0.0182	0.8680	0.0218	0.4961
29281000	-1.8051	0.0352	1.2129	0.4960	-0.0097	-0.8683	-0.0138	0.9997	-0.0190	0.8682	0.0214	0.4957
29281125	-1.8055	0.0349	1.2143	0.4958	-0.0097	-0.8684	-0.0137	0.9997	-0.0190	0.8683	0.0213	0.4955
29281250	-1.8051	0.0345	1.2149	0.4964	-0.0107	-0.8680	-0.0134	0.9997	-0.0199	0.8680	0.0215	0.4961
29281375	-1.8056	0.0349	1.2159	0.4954	-0.0102	-0.8686	-0.0146	0.9997	-0.0200	0.8685	0.0226	0.4951
29281500	-1.8053	0.0354	1.2148	0.4953	-0.0103	-0.8686	-0.0141	0.9997	-0.0198	0.8686	0.0221	0.4950
29281625	-1.8053	0.0363	1.2142	0.4964	-0.0091	-0.8681	-0.0144	0.9997	-0.0188	0.8680	0.0218	0.4961
29281750	-1.8062	0.0360	1.2144	0.4967	-0.0114	-0.8679	-0.0127	0.9997	-0.0204	0.8679	0.0212	0.4964
29281875	-1.8061	0.0355	1.2147	0.4962	-0.0100	-0.8681	-0.0134	0.9997	-0.0193	0.8681	0.0212	0.4960
29282000	-1.8060	0.0342	1.2137	0.4977	-0.0105	-0.8673	-0.0129	0.9997	-0.0195	0.8672	0.0209	0.4974
29282125	-1.8052	0.0312	1.2152	0.4963	-0.0089	-0.8681	-0.0154	0.9997	-0.0190	0.8680	0.0228	0.4960
29282250	-1.8049	0.0317	1.2153	0.4966	-0.0081	-0.8679	-0.0159	0.9997	-0.0184	0.8678	0.0230	0.4963
29282375	-1.8051	0.0311	1.2151	0.4962	-0.0075	-0.8682	-0.0158	0.9997	-0.0177	0.8681	0.0225	0.4960
29282500	-1.8050	0.0322	1.2147	0.4963	-0.0087	-0.8681	-0.0146	0.9997	-0.0184	0.8680	0.0218	0.4961
29282625	-1.8048	0.0329	1.2148	0.4962	-0.0089	-0.8681	-0.0146	0.9997	-0.0186	0.8681	0.0219	0.4960
29282750	-1.8045	0.0292	1.2149	0.4963	-0.0088	-0.8681	-0.0162	0.9997	-0.0194	0.8680	0.0237	0.4960
29282875	-1.8049	0.0281	1.2160	0.4957	-0.0080	-0.8685	-0.0166	0.9997	-0.0187	0.8683	0.0237	0.4954
29283000	-1.8041	0.0279	1.2140	0.4973	-0.0089	-0.8676	-0.0154	0.9997	-0.0191	0.8675	0.0229	0.4970
29283125	-1.8046	0.0271	1.2158	0.4961	-0.0095	-0.8682	-0.0158	0.9997	-0.0200	0.8681	0.0236	0.4958
29283250	-1.8048	0.0272	1.2161	0.4958	-0.0089	-0.8684	-0.0162	0.9997	-0.0195	0.8683	0.0237	0.4955
29283375	-1.8050	0.0269	1.2158	0.4959	-0.0085	-0.8683	-0.0164	0.9997	-0.0191	0.8682	0.0237	0.4957
29283500	-1.8050	0.0267	1.2150	0.4963	-0.0075	-0.8681	-0.0165	0.9997	-0.0181	0.8680	0.0233	0.4961
29283625	-1.8043	0.0277	1.2154	0.4968	-0.0077	-0.8678	-0.0162	0.9997	-0.0181	0.8677	0.0231	0.4965
29283750	-1.8045	0.0258	1.2160	0.4964	-0.0072	-0.8681	-0.0152	0.9997	-0.0170	0.8680	0.0217	0.4961
29283875	-1.8059	0.0283	1.2154	0.4956	-0.0087	-0.8685	-0.0142	0.9997	-0.0181	0.8684	0.0213	0.4954
29284000	-1.8054	0.0264	1.2156	0.4962	-0.0078	-0.8681	-0.0152	0.9997	-0.0177	0.8681	0.0220	0.4960
29284125	-1.8059	0.0277	1.2161	0.4962	-0.0088	-0.8682	-0.0140	0.9997	-0.0182	0.8681	0.0212	0.4959
29284250	-1.8052	0.0267	1.2152	0.4960	-0.0076	-0.8683	-0.0146	0.9997	-0.0171	0.8682	0.0211	0.4958
29284375	-1.8050	0.0276	1.2159	0.4961	-0.0072	-0.8682	-0.0142	0.9998	-0.0164	0.8682	0.0205	0.4959
29284500	-1.8050	0.0271	1.2149	0.4962	-0.0078	-0.8682	-0.0138	0.9998	-0.0169	0.8681	0.0203	0.4959
29284625	-1.8046	0.0250	1.2153	0.4965	-0.0074	-0.8680	-0.0153	0.9997	-0.0173	0.8679	0.0219	0.4962
29284750	-1.8046	0.0264	1.2148	0.4963	-0.0074	-0.8681	-0.0148	0.9997	-0.0170	0.8680	0.0213	0.4960
29284875	-1.8045	0.0282	1.2158	0.4968	-0.0079	-0.8678	-0.0141	0.9998	-0.0171	0.8678	0.0207	0.4965
29285000	-1.8042	0.0285	1.2155	0.4973	-0.0080	-0.8676	-0.0141	0.9998	-0.0173	0.8675	0.0209	0.4970
29285125	-1.8039	0.0288	1.2154	0.4968	-0.0080	-0.8678	-0.0147	0.9997	-0.0176	0.8677	0.0215	0.4965
29285250	-1.8039	0.0290	1.2158	0.4966	-0.0075	-0.8680	-0.0148	0.9997	-0.0171	0.8679	0.0213	0.4963
29285375	-1.8031	0.0289	1.2145	0.4979	-0.0091	-0.8672	-0.0130	0.9998	-0.0180	0.8671	0.0203	0.4977
29285500	-1.8050	0.0289	1.2152	0.4969	-0.0097	-0.8678	-0.0142	0.9997	-0.0193	0.8677	0.0219	0.4966
29285625	-1.8052	0.0268	1.2153	0.4962	-0.0092	-0.8681	-0.0151	0.9997	-0.0192	0.8681	0.0226	0.4959
29285750	-1.8054	0.0265	1.2152	0.4963	-0.0091	-0.8681	-0.0151	0.9997	-0.0191	0.8680	0.0226	0.4960
29285875	-1.8048	0.0268	1.2149	0.4971	-0.0078	-0.8677	-0.0153	0.9997	-0.0177	0.8676	0.0221	0.4968
29286000	-1.8044	0.0257	1.2163	0.4963	-0.0073	-0.8681	-0.0160	0.9997	-0.0176	0.8680	0.0226	0.4960
29286125	-1.8045	0.0273	1.2157	0.4967	-0.0072	-0.8679	-0.0158	0.9997	-0.0174	0.8678	0.0224	0.4964
29286250	-1.8042	0.0263	1.2150	0.4974	-0.0082	-0.8675	-0.0156	0.9997	-0.0184	0.8674	0.0227	0.4972
29286375	-1.8039	0.0276	1.2147	0.4973	-0.0078	-0.8676	-0.0158	0.9997	-0.0180	0.8675	0.0226	0.4970
29286500	-1.8042	0.0281	1.2156	0.4967	-0.0072	-0.8679	-0.0146	0.9998	-0.0167	0.8678	0.0209	0.4965
29286625	-1.8043	0.0281	1.2158	0.4966	-0.0075	-0.8679	-0.0157	0.9997	-0.0177	0.8678	0.0224	0.4964
29286750	-1.8041	0.0277	1.2153	0.4969	-0.0095	-0.8678	-0.0144	0.9997	-0.0192	0.8677	0.0221	0.4966
29286875	-1.8042	0.0290	1.2156	0.4981	-0.0099	-0.8671	-0.0137	0.9997	-0.0193	0.8670	0.0215	0.4978
29287000	-1.8046	0.0295	1.2165	0.4972	-0.0104	-0.8676	-0.0141	0.9997	-0.0201	0.8675	0.0222	0.4969
29287125	-1.8047	0.0319	1.2148	0.4981	-0.0112	-0.8670	-0.0127	0.9997	-0.0202	0.8670	0.0210	0.4978
29287250	-1.8053	0.0321	1.2155	0.4983	-0.0120	-0.8669	-0.0124	0.9997	-0.0210	0.8669	0.0213	0.4980
29287375	-1.8054	0.0320	1.2158	0.4987	-0.0130	-0.8667	-0.0116	0.9997	-0.0217	0.8667	0.0209	0.4984
29287500	-1.8062	0.0338	1.2130	0.4992	-0.0130	-0.8664	-0.0106	0.9997	-0.0212	0.8664	0.0198	0.4989
29287625	-1.8063	0.0341	1.2142	0.4987	-0.0140	-0.8667	-0.0095	0.9997	-0.0216	0.8667	0.0190	0.4984
29287750	-1.8069	0.0345	1.2160	0.4967	-0.0113	-0.8679	-0.0118	0.9997	-0.0198	0.8679	0.0201	0.4964
29287875	-1.8069	0.0334	1.2152	0.4978	-0.0129	-0.8672	-0.0107	0.9997	-0.0210	0.8673	0.0198	0.4975
29288000	-1.8084	0.0357	1.2131	0.4982	-0.0122	-0.8670	-0.0091	0.9998	-0.0194	0.8670	0.0176	0.4980
29288125	-1.8082	0.0344	1.2133	0.4995	-0.0151	-0.8662	-0.0089	0.9997	-0.0225	0.8663	0.0190	0.4992
29288250	-1.8098	0.0399	1.2137	0.5001	-0.0205	-0.8657	-0.0035	0.9997	-0.0256	0.8660	0.0158	0.4999
29288375	-1.8074	0.0312	1.2118	0.4998	-0.0128	-0.8660	-0.0117	0.9997	-0.0215	0.8661	0.0208	0.4995
29288500	-1.8079	0.0305	1.2115	0.4998	-0.0100	-0.8661	-0.0133	0.9997	-0.0192	0.8660	0.0211	0.4995
29288625	-1.8067	0.0290	1.2139	0.4980	-0.0091	-0.8672	-0.0139	0.9997	-0.0184	0.8671	0.0213	0.4977
29288750	-1.8057	0.0248	1.2116	0.4996	-0.0047	-0.8662	-0.0179	0.9997	-0.0157	0.8661	0.0233	0.4994
29288875	-1.8055	0.0257	1.2133	0.4989	-0.0061	-0.8667	-0.0184	0.9997	-0.0176	0.8665	0.0247	0.4986
29289000	-1.8054	0.0315	1.2112	0.5011	-0.0081	-0.8654	-0.0139	0.9998	-0.0175	0.8653	0.0208	0.5009
29289125	-1.8063	0.0367	1.2095	0.4999	-0.0091	-0.8660	-0.0101	0.9998	-0.0164	0.8660	0.0170	0.4997
29289250	-1.8052	0.0357	1.2150	0.4961	-0.0057	-0.8682	-0.0138	0.9998	-0.0145	0.8681	0.0191	0.4959
29289375	-1.8040	0.0363	1.2113	0.4999	-0.0087	-0.8660	-0.0110	0.9998	-0.0164	0.8660	0.0177	0.4997
29289500	-1.8032	0.0285	1.2189	0.4964	-0.0096	-0.8680	-0.0143	0.9997	-0.0192	0.8680	0.0219	0.4961
29289625	-1.8033	0.0342	1.2091	0.5019	-0.0089	-0.8649	-0.0131	0.9998	-0.0179	0.8648	0.0204	0.5017
29289750	-1.8034	0.0308	1.2120	0.5005	-0.0064	-0.8657	-0.0158	0.9997	-0.0165	0.8656	0.0220	0.5002
29289875	-1.8033	0.0296	1.2173	0.4979	-0.0069	-0.8672	-0.0153	0.9997	-0.0168	0.8671	0.0216	0.4977
29290000	-1.8017	0.0350	1.2084	0.5034	-0.0078	-0.8640	-0.0124	0.9998	-0.0163	0.8639	0.0190	0.5032
29290125	-1.8007	0.0309	1.2157	0.4956	-0.0014	-0.8686	-0.0169	0.9998	-0.0113	0.8684	0.0203	0.4955
29290250	-1.8020	0.0322	1.2142	0.4976	0.0005	-0.8674	-0.0182	0.9998	-0.0099	0.8672	0.0207	0.4975
29290375	-1.8022	0.0350	1.2150	0.4980	-0.0033	-0.8672	-0.0156	0.9998	-0.0128	0.8670	0.0199	0.4979
29290500	-1.8012	0.0307	1.2142	0.4989	-0.0050	-0.8666	-0.0149	0.9998	-0.0144	0.8665	0.0201	0.4987
29290625	-1.8018	0.0313	1.2157	0.4991	-0.0048	-0.8665	-0.0134	0.9998	-0.0133	0.8664	0.0183	0.4990
29290750	-1.8030	0.0330	1.2164	0.4977	-0.0082	-0.8673	-0.0110	0.9998	-0.0157	0.8673	0.0173	0.4975
29290875	-1.8019	0.0369	1.2156	0.4988	-0.0070	-0.8667	-0.0090	0.9999	-0.0133	0.8666	0.0144	0.4987
29291000	-1.8043	0.0358	1.2156	0.4980	-0.0050	-0.8671	-0.0106	0.9999	-0.0118	0.8671	0.0150	0.4979
29291125	-1.8036	0.0338	1.2152	0.4989	-0.0053	-0.8666	-0.0123	0.9998	-0.0132	0.8666	0.0173	0.4988
29291250	-1.8042	0.0297	1.2165	0.4979	-0.0063	-0.8672	-0.0134	0.9998	-0.0149	0.8671	0.0191	0.4977
29291375	-1.8042	0.0276	1.2156	0.4984	-0.0050	-0.8669	-0.0159	0.9998	-0.0149	0.8668	0.0212	0.4982
29291500	-1.8042	0.0273	1.2142	0.4985	-0.0057	-0.8669	-0.0159	0.9998	-0.0157	0.8667	0.0216	0.4983
29291625	-1.8037	0.0256	1.2134	0.4995	-0.0038	-0.8663	-0.0177	0.9997	-0.0146	0.8661	0.0226	0.4993
29291750	-1.8043	0.0247	1.2133	0.4982	-0.0034	-0.8670	-0.0173	0.9998	-0.0139	0.8669	0.0219	0.4980
29291875	-1.8052	0.0215	1.2146	0.4973	-0.0036	-0.8676	-0.0184	0.9997	-0.0147	0.8674	0.0233	0.4971
29292000	-1.8046	0.0230	1.2135	0.4980	-0.0046	-0.8672	-0.0181	0.9997	-0.0157	0.8670	0.0236	0.4978
29292125	-1.8046	0.0232	1.2142	0.4972	-0.0045	-0.8676	-0.0176	0.9997	-0.0153	0.8675	0.0228	0.4970
29292250	-1.8050	0.0219	1.2146	0.4972	-0.0032	-0.8676	-0.0186	0.9997	-0.0143	0.8674	0.0232	0.4970
29292375	-1.8050	0.0202	1.2140	0.4979	-0.0031	-0.8672	-0.0189	0.9997	-0.0144	0.8670	0.0236	0.4977
29292500	-1.8054	0.0201	1.2159	0.4973	-0.0043	-0.8676	-0.0175	0.9997	-0.0150	0.8674	0.0227	0.4971
29292625	-1.8052	0.0217	1.2149	0.4980	-0.0041	-0.8672	-0.0174	0.9997	-0.0148	0.8670	0.0225	0.4978
29292750	-1.8046	0.0216	1.2162	0.4972	-0.0008	-0.8676	-0.0178	0.9998	-0.0111	0.8674	0.0210	0.4971
29292875	-1.8056	0.0225	1.2163	0.4957	-0.0001	-0.8685	-0.0179	0.9998	-0.0103	0.8683	0.0206	0.4956
29293000	-1.8051	0.0241	1.2166	0.4964	-0.0000	-0.8681	-0.0188	0.9998	-0.0108	0.8679	0.0216	0.4963
29293125	-1.8054	0.0248	1.2171	0.4955	-0.0007	-0.8686	-0.0183	0.9998	-0.0113	0.8684	0.0215	0.4954
29293250	-1.8053	0.0267	1.2172	0.4956	-0.0024	-0.8685	-0.0160	0.9998	-0.0119	0.8684	0.0197	0.4955
29293375	-1.8050	0.0263	1.2184	0.4958	-0.0029	-0.8684	-0.0158	0.9998	-0.0123	0.8683	0.0198	0.4956
29293500	-1.8055	0.0252	1.2177	0.4961	-0.0032	-0.8682	-0.0168	0.9998	-0.0133	0.8681	0.0211	0.4960
29293625	-1.8049	0.0224	1.2191	0.4959	-0.0028	-0.8684	-0.0180	0.9997	-0.0134	0.8682	0.0223	0.4957
29293750	-1.8059	0.0239	1.2198	0.4948	-0.0024	-0.8690	-0.0176	0.9998	-0.0128	0.8689	0.0216	0.4946
29293875	-1.8052	0.0244	1.2196	0.4956	-0.0035	-0.8685	-0.0173	0.9998	-0.0138	0.8684	0.0218	0.4954
29294000	-1.8057	0.0247	1.2200	0.4954	-0.0035	-0.8687	-0.0170	0.9998	-0.0137	0.8685	0.0216	0.4952
29294125	-1.8072	0.0272	1.2197	0.4948	-0.0028	-0.8690	-0.0170	0.9998	-0.0129	0.8688	0.0212	0.4947
29294250	-1.8074	0.0294	1.2206	0.4942	-0.0039	-0.8693	-0.0168	0.9998	-0.0141	0.8692	0.0216	0.4940
29294375	-1.8078	0.0301	1.2203	0.4942	-0.0029	-0.8694	-0.0170	0.9998	-0.0130	0.8692	0.0212	0.4940
29294500	-1.8075	0.0316	1.2202	0.4952	-0.0041	-0.8688	-0.0162	0.9998	-0.0139	0.8686	0.0209	0.4950
29294625	-1.8074	0.0326	1.2205	0.4949	-0.0045	-0.8689	-0.0157	0.9998	-0.0141	0.8688	0.0206	0.4948
29294750	-1.8076	0.0330	1.2205	0.4953	-0.0026	-0.8687	-0.0164	0.9998	-0.0123	0.8686	0.0204	0.4952
29294875	-1.8075	0.0344	1.2212	0.4950	-0.0040	-0.8689	-0.0155	0.9998	-0.0135	0.8688	0.0201	0.4948
29295000	-1.8072	0.0351	1.2218	0.4957	-0.0038	-0.8685	-0.0162	0.9998	-0.0136	0.8683	0.0208	0.4955
29295125	-1.8071	0.0361	1.2225	0.4952	-0.0032	-0.8688	-0.0162	0.9998	-0.0129	0.8686	0.0204	0.4950
29295250	-1.8077	0.0366	1.2229	0.4947	-0.0041	-0.8691	-0.0145	0.9998	-0.0129	0.8690	0.0190	0.4945
29295375	-1.8065	0.0361	1.2226	0.4949	-0.0035	-0.8689	-0.0158	0.9998	-0.0130	0.8688	0.0202	0.4948
29295500	-1.8062	0.0368	1.2215	0.4953	-0.0026	-0.8687	-0.0164	0.9998	-0.0123	0.8686	0.0203	0.4951
29295625	-1.8068	0.0363	1.2224	0.4954	-0.0039	-0.8687	-0.0162	0.9998	-0.0137	0.8685	0.0209	0.4952
29295750	-1.8057	0.0356	1.2201	0.4955	-0.0022	-0.8686	-0.0179	0.9998	-0.0127	0.8684	0.0218	0.4954
29295875	-1.8058	0.0351	1.2196	0.4958	-0.0033	-0.8684	-0.0175	0.9998	-0.0138	0.8682	0.0221	0.4957
29296000	-1.8063	0.0355	1.2198	0.4953	-0.0017	-0.8687	-0.0177	0.9998	-0.0121	0.8686	0.0214	0.4951
29296125	-1.8063	0.0306	1.2172	0.4950	-0.0013	-0.8689	-0.0194	0.9997	-0.0126	0.8687	0.0231	0.4948
29296250	-1.8059	0.0283	1.2155	0.4967	-0.0014	-0.8679	-0.0192	0.9997	-0.0126	0.8677	0.0229	0.4966
29296375	-1.8068	0.0307	1.2154	0.4960	-0.0005	-0.8683	-0.0194	0.9997	-0.0116	0.8681	0.0226	0.4959
29296500	-1.8064	0.0301	1.2149	0.4956	-0.0018	-0.8686	-0.0196	0.9997	-0.0132	0.8683	0.0236	0.4954
29296625	-1.8061	0.0308	1.2146	0.4963	-0.0026	-0.8682	-0.0185	0.9997	-0.0136	0.8680	0.0228	0.4961
29296750	-1.8061	0.0299	1.2152	0.4965	-0.0020	-0.8680	-0.0193	0.9997	-0.0133	0.8678	0.0233	0.4964
29296875	-1.8056	0.0307	1.2148	0.4969	-0.0037	-0.8678	-0.0178	0.9997	-0.0144	0.8677	0.0226	0.4967
29297000	-1.8062	0.0306	1.2149	0.4962	-0.0018	-0.8682	-0.0191	0.9997	-0.0130	0.8680	0.0230	0.4960
29297125	-1.8065	0.0293	1.2128	0.4961	-0.0021	-0.8683	-0.0184	0.9997	-0.0129	0.8681	0.0224	0.4959
29297250	-1.8065	0.0289	1.2120	0.4964	-0.0024	-0.8681	-0.0191	0.9997	-0.0138	0.8679	0.0234	0.4962
29297375	-1.8065	0.0281	1.2126	0.4960	-0.0015	-0.8683	-0.0199	0.9997	-0.0131	0.8681	0.0237	0.4958
29297500	-1.8063	0.0270	1.2128	0.4960	-0.0016	-0.8683	-0.0188	0.9997	-0.0126	0.8681	0.0226	0.4958
29297625	-1.8067	0.0273	1.2132	0.4953	-0.0011	-0.8687	-0.0198	0.9997	-0.0126	0.8685	0.0234	0.4951
29297750	-1.8057	0.0265	1.2121	0.4961	-0.0041	-0.8682	-0.0184	0.9997	-0.0152	0.8681	0.0236	0.4959
29297875	-1.8062	0.0254	1.2129	0.4956	-0.0028	-0.8685	-0.0190	0.9997	-0.0140	0.8683	0.0235	0.4954
29298000	-1.8059	0.0248	1.2127	0.4954	-0.0024	-0.8687	-0.0195	0.9997	-0.0138	0.8685	0.0238	0.4952
29298125	-1.8051	0.0240	1.2115	0.4962	-0.0026	-0.8682	-0.0197	0.9997	-0.0142	0.8680	0.0242	0.4960
29298250	-1.8057	0.0255	1.2117	0.4957	-0.0030	-0.8685	-0.0197	0.9997	-0.0147	0.8683	0.0244	0.4955
29298375	-1.8054	0.0246	1.2117	0.4958	-0.0036	-0.8684	-0.0199	0.9997	-0.0156	0.8682	0.0250	0.4956
29298500	-1.8058	0.0245	1.2124	0.4951	-0.0037	-0.8688	-0.0192	0.9997	-0.0152	0.8686	0.0242	0.4949
29298625	-1.8055	0.0235	1.2114	0.4960	-0.0030	-0.8683	-0.0200	0.9997	-0.0148	0.8681	0.0247	0.4958
29298750	-1.8060	0.0238	1.2116	0.4962	-0.0040	-0.8682	-0.0190	0.9997	-0.0155	0.8680	0.0242	0.4960
29298875	-1.8063	0.0240	1.2130	0.4953	-0.0028	-0.8687	-0.0193	0.9997	-0.0142	0.8685	0.0238	0.4951
29299000	-1.8058	0.0247	1.2126	0.4959	-0.0040	-0.8683	-0.0181	0.9997	-0.0150	0.8682	0.0232	0.4957
29299125	-1.8058	0.0248	1.2120	0.4959	-0.0025	-0.8684	-0.0195	0.9997	-0.0140	0.8681	0.0238	0.4957
29299250	-1.8060	0.0255	1.2115	0.4956	-0.0027	-0.8685	-0.0195	0.9997	-0.0142	0.8683	0.0240	0.4954
29299375	-1.8059	0.0238	1.2125	0.4958	-0.0025	-0.8684	-0.0205	0.9997	-0.0146	0.8682	0.0251	0.4956
29299500	-1.8063	0.0243	1.2138	0.4946	-0.0021	-0.8691	-0.0206	0.9997	-0.0141	0.8689	0.0249	0.4944
29299625	-1.8057	0.0256	1.2114	0.4956	-0.0034	-0.8685	-0.0203	0.9997	-0.0155	0.8683	0.0253	0.4954
29299750	-1.8074	0.0282	1.2131	0.4946	-0.0020	-0.8691	-0.0202	0.9997	-0.0138	0.8689	0.0244	0.4944
29299875	-1.8078	0.0296	1.2133	0.4950	-0.0035	-0.8689	-0.0195	0.9997	-0.0152	0.8687	0.0245	0.4948
29300000	-1.8082	0.0312	1.2129	0.4946	-0.0029	-0.8691	-0.0203	0.9997	-0.0149	0.8689	0.0250	0.4944
29300125	-1.8080	0.0329	1.2131	0.4951	-0.0024	-0.8688	-0.0192	0.9997	-0.0136	0.8686	0.0234	0.4949
29300250	-1.8089	0.0330	1.2145	0.4935	-0.0020	-0.8698	-0.0193	0.9997	-0.0132	0.8696	0.0233	0.4933
29300375	-1.8091	0.0330	1.2146	0.4947	-0.0032	-0.8691	-0.0190	0.9997	-0.0145	0.8689	0.0237	0.4945
29300500	-1.8100	0.0320	1.2157	0.4923	-0.0009	-0.8705	-0.0209	0.9997	-0.0129	0.8702	0.0246	0.4921
29300625	-1.8095	0.0353	1.2152	0.4937	-0.0042	-0.8696	-0.0176	0.9997	-0.0148	0.8695	0.0226	0.4935
29300750	-1.8096	0.0347	1.2163	0.4941	-0.0061	-0.8694	-0.0178	0.9997	-0.0171	0.8692	0.0239	0.4938
29300875	-1.8090	0.0335	1.2167	0.4943	-0.0046	-0.8693	-0.0171	0.9997	-0.0151	0.8691	0.0223	0.4941
29301000	-1.8091	0.0314	1.2186	0.4936	-0.0060	-0.8696	-0.0174	0.9997	-0.0167	0.8695	0.0233	0.4934
29301125	-1.8094	0.0315	1.2188	0.4933	-0.0050	-0.8698	-0.0175	0.9997	-0.0157	0.8697	0.0230	0.4931
29301250	-1.8091	0.0308	1.2183	0.4938	-0.0059	-0.8696	-0.0183	0.9997	-0.0171	0.8694	0.0243	0.4935
29301375	-1.8090	0.0323	1.2197	0.4940	-0.0070	-0.8694	-0.0168	0.9997	-0.0176	0.8693	0.0233	0.4937
29301500	-1.8084	0.0357	1.2205	0.4951	-0.0033	-0.8688	-0.0170	0.9998	-0.0135	0.8687	0.0215	0.4949
29301625	-1.8082	0.0361	1.2215	0.4945	-0.0009	-0.8692	-0.0182	0.9998	-0.0113	0.8690	0.0214	0.4943
29301750	-1.8085	0.0320	1.2212	0.4940	-0.0038	-0.8694	-0.0160	0.9998	-0.0135	0.8693	0.0206	0.4939
29301875	-1.8079	0.0271	1.2219	0.4940	-0.0037	-0.8695	-0.0171	0.9998	-0.0139	0.8693	0.0218	0.4938
29302000	-1.8080	0.0264	1.2219	0.4942	-0.0034	-0.8694	-0.0181	0.9997	-0.0142	0.8692	0.0227	0.4940
29302125	-1.8083	0.0258	1.2219	0.4943	-0.0013	-0.8693	-0.0186	0.9998	-0.0120	0.8691	0.0221	0.4941
29302250	-1.8073	0.0294	1.2227	0.4941	0.0018	-0.8694	-0.0188	0.9998	-0.0086	0.8692	0.0206	0.4940
29302375	-1.8073	0.0385	1.2247	0.4930	0.0066	-0.8700	-0.0166	0.9999	-0.0018	0.8699	0.0154	0.4930
29302500	-1.8067	0.0422	1.2262	0.4918	0.0027	-0.8707	-0.0126	0.9999	-0.0040	0.8706	0.0129	0.4918
29302625	-1.8058	0.0657	1.2299	0.4898	0.0002	-0.8718	0.0002	1.0000	0.0003	0.8718	-0.0003	0.4898
29302750	-1.8013	0.1025	1.2300	0.4912	0.0014	-0.8711	0.0163	0.9998	0.0108	0.8709	-0.0195	0.4911
29302875	-1.7975	0.1230	1.2256	0.4934	0.0061	-0.8698	0.0242	0.9995	0.0208	0.8695	-0.0313	0.4930
29303000	-1.7975	0.1110	1.2240	0.4951	0.0100	-0.8688	0.0173	0.9996	0.0214	0.8686	-0.0257	0.4948
29303125	-1.7996	0.0830	1.2224	0.4946	0.0139	-0.8690	0.0025	0.9998	0.0175	0.8691	-0.0108	0.4945
29303250	-1.8012	0.0628	1.2241	0.4946	0.0177	-0.8690	-0.0088	0.9998	0.0153	0.8691	0.0001	0.4946
29303375	-1.8032	0.0458	1.2252	0.4935	0.0200	-0.8695	-0.0167	0.9998	0.0135	0.8696	0.0078	0.4937
29303500	-1.8035	0.0376	1.2245	0.4938	0.0225	-0.8693	-0.0233	0.9996	0.0127	0.8693	0.0140	0.4941
29303625	-1.8034	0.0282	1.2242	0.4941	0.0201	-0.8692	-0.0256	0.9996	0.0086	0.8690	0.0180	0.4944
29303750	-1.8035	0.0264	1.2200	0.4935	0.0090	-0.8697	-0.0210	0.9998	-0.0016	0.8695	0.0191	0.4936
29303875	-1.8029	0.0218	1.2182	0.4959	0.0001	-0.8684	-0.0200	0.9997	-0.0113	0.8682	0.0230	0.4957
29304000	-1.8026	0.0249	1.2174	0.4956	0.0030	-0.8686	-0.0197	0.9998	-0.0078	0.8683	0.0209	0.4955
29304125	-1.8029	0.0218	1.2182	0.4951	-0.0017	-0.8689	-0.0188	0.9997	-0.0127	0.8687	0.0226	0.4949
29304250	-1.8065	0.0276	1.2151	0.4959	0.0020	-0.8684	-0.0194	0.9998	-0.0088	0.8682	0.0212	0.4958
29304375	-1.8066	0.0292	1.2160	0.4946	-0.0007	-0.8691	-0.0193	0.9997	-0.0118	0.8689	0.0226	0.4944
29304500	-1.8066	0.0329	1.2159	0.4951	-0.0006	-0.8688	-0.0166	0.9998	-0.0102	0.8687	0.0195	0.4950
29304625	-1.8075	0.0418	1.2162	0.4943	-0.0021	-0.8693	-0.0128	0.9999	-0.0096	0.8692	0.0158	0.4942
29304750	-1.8100	0.0565	1.2185	0.4916	-0.0112	-0.8708	-0.0038	0.9999	-0.0151	0.8708	0.0107	0.4915
29304875	-1.8172	0.0642	1.2172	0.4900	-0.0141	-0.8716	-0.0022	0.9998	-0.0174	0.8717	0.0104	0.4899
29305000	-1.8225	0.0485	1.2161	0.4882	-0.0131	-0.8726	-0.0055	0.9998	-0.0181	0.8727	0.0136	0.4881
29305125	-1.8190	0.0363	1.2147	0.4901	-0.0128	-0.8716	-0.0150	0.9996	-0.0231	0.8715	0.0244	0.4897
29305250	-1.8147	0.0301	1.2174	0.4901	-0.0049	-0.8716	-0.0201	0.9997	-0.0169	0.8714	0.0258	0.4899
29305375	-1.8164	0.0275	1.2151	0.4893	-0.0025	-0.8721	-0.0179	0.9998	-0.0129	0.8719	0.0219	0.4891
29305500	-1.8163	0.0268	1.2157	0.4895	-0.0040	-0.8720	-0.0184	0.9997	-0.0149	0.8718	0.0234	0.4893
29305625	-1.8164	0.0259	1.2164	0.4893	-0.0014	-0.8721	-0.0191	0.9997	-0.0123	0.8719	0.0226	0.4892
29305750	-1.8154	0.0273	1.2143	0.4905	-0.0038	-0.8714	-0.0172	0.9998	-0.0141	0.8713	0.0219	0.4903
29305875	-1.8159	0.0279	1.2159	0.4895	-0.0046	-0.8720	-0.0172	0.9997	-0.0150	0.8718	0.0223	0.4893
29306000	-1.8165	0.0409	1.2160	0.4896	-0.0058	-0.8719	-0.0158	0.9998	-0.0155	0.8718	0.0214	0.4894
29306125	-1.8171	0.0569	1.2219	0.4882	-0.0043	-0.8727	-0.0196	0.9997	-0.0159	0.8725	0.0249	0.4879
29306250	-1.8132	0.0821	1.2222	0.4882	-0.0030	-0.8727	-0.0176	0.9998	-0.0133	0.8725	0.0218	0.4881
29306375	-1.8087	0.1250	1.2214	0.4891	-0.0022	-0.8722	-0.0109	0.9999	-0.0086	0.8722	0.0137	0.4890
29306500	-1.8020	0.1911	1.2222	0.4922	0.0091	-0.8704	-0.0087	0.9999	0.0055	0.8704	0.0048	0.4922
29306625	-1.7947	0.2717	1.2260	0.4937	0.0110	-0.8695	-0.0024	0.9999	0.0113	0.8696	-0.0035	0.4937
29306750	-1.7819	0.3651	1.2295	0.4956	0.0081	-0.8685	-0.0003	1.0000	0.0092	0.8686	-0.0043	0.4955
29306875	-1.7747	0.4619	1.2324	0.4991	0.0075	-0.8665	-0.0083	1.0000	0.0038	0.8665	0.0053	0.4992
29307000	-1.7647	0.5448	1.2330	0.5042	0.0064	-0.8636	-0.0162	0.9999	-0.0020	0.8634	0.0150	0.5043
29307125	-1.7596	0.6229	1.2198	0.5136	-0.0056	-0.8580	-0.0144	0.9998	-0.0151	0.8579	0.0201	0.5134
29307250	-1.7472	0.6699	1.2079	0.5263	-0.0179	-0.8501	-0.0103	0.9996	-0.0274	0.8503	0.0231	0.5259
29307375	-1.7351	0.6847	1.2111	0.5346	-0.0065	-0.8451	-0.0201	0.9996	-0.0204	0.8448	0.0279	0.5343
29307500	-1.7291	0.6874	1.2185	0.5397	0.0195	-0.8416	-0.0310	0.9995	0.0032	0.8413	0.0244	0.5401
29307625	-1.7224	0.6958	1.2255	0.5420	0.0265	-0.8400	-0.0274	0.9995	0.0139	0.8399	0.0155	0.5424
29307750	-1.7145	0.7122	1.2278	0.5483	0.0132	-0.8362	-0.0063	0.9999	0.0117	0.8362	-0.0012	0.5484
29307875	-1.7072	0.7210	1.2388	0.5531	0.0088	-0.8331	0.0080	0.9998	0.0159	0.8331	-0.0154	0.5529
29308000	-1.6968	0.7214	1.2480	0.5576	0.0111	-0.8301	0.0139	0.9996	0.0227	0.8300	-0.0242	0.5572
29308125	-1.6856	0.7214	1.2543	0.5589	0.0161	-0.8291	0.0161	0.9994	0.0302	0.8291	-0.0302	0.5583
29308250	-1.6756	0.7196	1.2569	0.5591	0.0173	-0.8289	0.0191	0.9992	0.0337	0.8289	-0.0347	0.5584
29308375	-1.6707	0.7207	1.2611	0.5599	0.0216	-0.8283	0.0196	0.9990	0.0393	0.8283	-0.0382	0.5589
29308500	-1.6713	0.7210	1.2638	0.5582	0.0230	-0.8294	0.0183	0.9990	0.0400	0.8295	-0.0375	0.5572
29308625	-1.6768	0.7212	1.2617	0.5552	0.0174	-0.8315	0.0202	0.9992	0.0344	0.8315	-0.0359	0.5544
29308750	-1.6814	0.7212	1.2625	0.5473	0.0181	-0.8367	0.0168	0.9993	0.0326	0.8367	-0.0319	0.5467
29308875	-1.6825	0.7187	1.2646	0.5415	0.0194	-0.8405	0.0138	0.9994	0.0319	0.8406	-0.0288	0.5409
29309000	-1.6812	0.7146	1.2681	0.5353	0.0242	-0.8443	0.0070	0.9994	0.0331	0.8446	-0.0236	0.5348
29309125	-1.6810	0.7122	1.2724	0.5286	0.0286	-0.8484	0.0027	0.9994	0.0354	0.8489	-0.0210	0.5282
29309250	-1.6807	0.7095	1.2784	0.5225	0.0315	-0.8520	-0.0001	0.9993	0.0369	0.8526	-0.0192	0.5222
29309375	-1.6802	0.7090	1.2835	0.5171	0.0327	-0.8553	-0.0017	0.9993	0.0372	0.8559	-0.0178	0.5168
29309500	-1.6794	0.7081	1.2905	0.5138	0.0297	-0.8574	0.0009	0.9994	0.0352	0.8579	-0.0189	0.5135
29309625	-1.6801	0.7077	1.2932	0.5099	0.0286	-0.8598	0.0010	0.9994	0.0338	0.8602	-0.0181	0.5096
29309750	-1.6809	0.7072	1.2941	0.5073	0.0277	-0.8613	0.0017	0.9995	0.0331	0.8618	-0.0182	0.5069
29309875	-1.6812	0.7074	1.2940	0.5060	0.0285	-0.8621	0.0019	0.9994	0.0341	0.8625	-0.0189	0.5057
29310000	-1.6813	0.7101	1.2934	0.5044	0.0260	-0.8631	0.0044	0.9995	0.0327	0.8634	-0.0203	0.5040
29310125	-1.6805	0.7115	1.2927	0.5043	0.0234	-0.8632	0.0070	0.9995	0.0311	0.8635	-0.0217	0.5039
29310250	-1.6808	0.7113	1.2947	0.5014	0.0216	-0.8650	0.0101	0.9995	0.0309	0.8652	-0.0242	0.5009
29310375	-1.6796	0.7134	1.2960	0.4984	0.0183	-0.8667	0.0137	0.9995	0.0290	0.8668	-0.0263	0.4979
29310500	-1.6794	0.7117	1.2979	0.4948	0.0197	-0.8688	0.0151	0.9994	0.0313	0.8689	-0.0286	0.4942
29310625	-1.6799	0.7126	1.2993	0.4916	0.0185	-0.8706	0.0175	0.9994	0.0311	0.8706	-0.0306	0.4910
29310750	-1.6810	0.7089	1.3012	0.4889	0.0160	-0.8722	0.0183	0.9994	0.0286	0.8722	-0.0299	0.4883
29310875	-1.6821	0.7088	1.3024	0.4861	0.0177	-0.8737	0.0186	0.9994	0.0306	0.8737	-0.0311	0.4855
29311000	-1.6838	0.7098	1.3021	0.4837	0.0165	-0.8751	0.0201	0.9993	0.0300	0.8750	-0.0321	0.4831
29311125	-1.6849	0.7097	1.3025	0.4816	0.0153	-0.8762	0.0216	0.9993	0.0293	0.8761	-0.0330	0.4810
29311250	-1.6871	0.7098	1.3026	0.4781	0.0159	-0.8782	0.0222	0.9993	0.0301	0.8780	-0.0339	0.4774
29311375	-1.6872	0.7095	1.3018	0.4760	0.0154	-0.8793	0.0227	0.9993	0.0298	0.8791	-0.0342	0.4753
29311500	-1.6888	0.7061	1.3042	0.4725	0.0187	-0.8811	0.0197	0.9993	0.0318	0.8811	-0.0323	0.4718
29311625	-1.6888	0.7057	1.3044	0.4694	0.0187	-0.8828	0.0197	0.9993	0.0316	0.8827	-0.0322	0.4687
29311750	-1.6898	0.7052	1.3057	0.4654	0.0184	-0.8849	0.0180	0.9994	0.0303	0.8849	-0.0300	0.4647
29311875	-1.6908	0.7024	1.3083	0.4607	0.0166	-0.8874	0.0173	0.9995	0.0277	0.8874	-0.0281	0.4602
29312000	-1.6913	0.7035	1.3100	0.4554	0.0149	-0.8902	0.0169	0.9995	0.0254	0.8901	-0.0267	0.4549
29312125	-1.6934	0.6996	1.3141	0.4486	0.0140	-0.8936	0.0144	0.9996	0.0229	0.8936	-0.0232	0.4482
29312250	-1.6950	0.6981	1.3174	0.4412	0.0119	-0.8973	0.0130	0.9997	0.0197	0.8973	-0.0204	0.4409
29312375	-1.6953	0.6971	1.3205	0.4341	0.0135	-0.9008	0.0110	0.9997	0.0202	0.9008	-0.0187	0.4338
29312500	-1.6949	0.6971	1.3240	0.4266	0.0155	-0.9043	0.0090	0.9997	0.0214	0.9044	-0.0172	0.4263
29312625	-1.6953	0.6983	1.3272	0.4196	0.0200	-0.9075	0.0067	0.9997	0.0251	0.9077	-0.0167	0.4193
29312750	-1.6964	0.6978	1.3316	0.4128	0.0205	-0.9106	0.0062	0.9997	0.0253	0.9108	-0.0161	0.4125
29312875	-1.6984	0.6978	1.3362	0.4060	0.0216	-0.9136	0.0057	0.9996	0.0262	0.9139	-0.0158	0.4057
29313000	-1.6997	0.6972	1.3385	0.4013	0.0206	-0.9157	0.0061	0.9997	0.0251	0.9159	-0.0157	0.4010
29313125	-1.7011	0.6981	1.3410	0.3959	0.0193	-0.9181	0.0066	0.9997	0.0239	0.9183	-0.0155	0.3957
29313250	-1.7008	0.6993	1.3432	0.3927	0.0192	-0.9195	0.0075	0.9997	0.0241	0.9196	-0.0164	0.3924
29313375	-1.7004	0.6977	1.3487	0.3877	0.0195	-0.9216	0.0073	0.9997	0.0243	0.9218	-0.0161	0.3874
29313500	-1.6992	0.6996	1.3496	0.3863	0.0226	-0.9221	0.0089	0.9996	0.0282	0.9223	-0.0191	0.3859
29313625	-1.6983	0.7005	1.3511	0.3848	0.0243	-0.9227	0.0090	0.9995	0.0301	0.9230	-0.0199	0.3844
29313750	-1.6979	0.7025	1.3518	0.3838	0.0258	-0.9230	0.0115	0.9994	0.0327	0.9233	-0.0232	0.3833
29313875	-1.6989	0.7045	1.3512	0.3836	0.0246	-0.9232	0.0126	0.9994	0.0319	0.9234	-0.0239	0.3830
29314000	-1.7003	0.7038	1.3538	0.3816	0.0253	-0.9240	0.0134	0.9994	0.0329	0.9242	-0.0250	0.3810
29314125	-1.7025	0.7047	1.3541	0.3802	0.0227	-0.9246	0.0161	0.9994	0.0312	0.9248	-0.0267	0.3796
29314250	-1.7062	0.7072	1.3565	0.3753	0.0197	-0.9267	0.0202	0.9994	0.0294	0.9267	-0.0297	0.3747
29314375	-1.7094	0.7084	1.3599	0.3684	0.0165	-0.9295	0.0232	0.9994	0.0270	0.9294	-0.0315	0.3678
29314500	-1.7123	0.7098	1.3654	0.3595	0.0151	-0.9330	0.0259	0.9993	0.0261	0.9328	-0.0335	0.3589
29314625	-1.7141	0.7094	1.3698	0.3509	0.0125	-0.9363	0.0282	0.9993	0.0239	0.9360	-0.0348	0.3503
29314750	-1.7165	0.7093	1.3762	0.3403	0.0117	-0.9403	0.0293	0.9993	0.0230	0.9399	-0.0354	0.3397
29314875	-1.7188	0.7092	1.3822	0.3295	0.0104	-0.9441	0.0304	0.9993	0.0216	0.9437	-0.0358	0.3290
29315000	-1.7209	0.7093	1.3874	0.3192	0.0104	-0.9476	0.0306	0.9993	0.0212	0.9472	-0.0358	0.3186
29315125	-1.7232	0.7093	1.3920	0.3079	0.0107	-0.9514	0.0280	0.9994	0.0203	0.9510	-0.0329	0.3074
29315250	-1.7252	0.7045	1.3987	0.2973	0.0074	-0.9548	0.0257	0.9995	0.0157	0.9544	-0.0292	0.2970
29315375	-1.7271	0.7026	1.4029	0.2874	0.0068	-0.9578	0.0211	0.9997	0.0135	0.9576	-0.0241	0.2871
29315500	-1.7293	0.6998	1.4086	0.2766	0.0069	-0.9610	0.0169	0.9998	0.0120	0.9608	-0.0195	0.2764
29315625	-1.7318	0.6979	1.4159	0.2634	0.0080	-0.9646	0.0133	0.9998	0.0120	0.9646	-0.0160	0.2633
29315750	-1.7340	0.6988	1.4220	0.2499	0.0090	-0.9682	0.0114	0.9999	0.0122	0.9682	-0.0140	0.2497
29315875	-1.7353	0.6984	1.4296	0.2363	0.0072	-0.9717	0.0089	0.9999	0.0096	0.9716	-0.0110	0.2362
29316000	-1.7364	0.6972	1.4357	0.2240	0.0092	-0.9745	0.0068	0.9999	0.0110	0.9746	-0.0091	0.2239
29316125	-1.7374	0.6969	1.4420	0.2136	0.0080	-0.9769	0.0047	0.9999	0.0092	0.9769	-0.0066	0.2135
29316250	-1.7377	0.6980	1.4463	0.2061	0.0076	-0.9785	0.0047	1.0000	0.0088	0.9785	-0.0064	0.2061
29316375	-1.7373	0.6986	1.4505	0.2007	0.0054	-0.9796	0.0057	1.0000	0.0066	0.9796	-0.0069	0.2006
29316500	-1.7368	0.6982	1.4537	0.1954	0.0052	-0.9807	0.0063	1.0000	0.0066	0.9807	-0.0074	0.1953
29316625	-1.7358	0.6975	1.4584	0.1897	0.0078	-0.9818	0.0070	0.9999	0.0093	0.9818	-0.0086	0.1896
29316750	-1.7340	0.6973	1.4631	0.1833	0.0084	-0.9830	0.0086	0.9999	0.0102	0.9830	-0.0103	0.1832
29316875	-1.7341	0.6998	1.4678	0.1776	0.0104	-0.9840	0.0126	0.9998	0.0129	0.9840	-0.0147	0.1775
29317000	-1.7336	0.7011	1.4702	0.1743	0.0095	-0.9847	0.0165	0.9998	0.0125	0.9846	-0.0185	0.1741
29317125	-1.7340	0.7033	1.4745	0.1685	0.0081	-0.9857	0.0205	0.9997	0.0117	0.9855	-0.0222	0.1683
29317250	-1.7341	0.7024	1.4787	0.1646	0.0065	-0.9863	0.0224	0.9997	0.0104	0.9861	-0.0238	0.1644
29317375	-1.7338	0.7040	1.4823	0.1592	0.0060	-0.9872	0.0254	0.9996	0.0102	0.9869	-0.0267	0.1590
29317500	-1.7340	0.7060	1.4851	0.1539	0.0054	-0.9881	0.0288	0.9995	0.0099	0.9877	-0.0300	0.1537
29317625	-1.7357	0.7057	1.4869	0.1524	0.0047	-0.9883	0.0304	0.9995	0.0095	0.9878	-0.0315	0.1522
29317750	-1.7353	0.7025	1.4800	0.1604	0.0024	-0.9870	0.0309	0.9995	0.0075	0.9866	-0.0317	0.1603
29317875	-1.7341	0.7003	1.4730	0.1721	0.0019	-0.9851	0.0304	0.9995	0.0073	0.9846	-0.0312	0.1720
29318000	-1.7301	0.7001	1.4637	0.1868	0.0011	-0.9824	0.0312	0.9995	0.0070	0.9819	-0.0319	0.1867
29318125	-1.7263	0.7021	1.4522	0.2021	0.0049	-0.9793	0.0310	0.9995	0.0114	0.9789	-0.0327	0.2019
