META	HEADER	GNSS location/orientation script
META	VERSION	1.0.0
META	FORMAT	ASCII
META	CONTENT	DEFAULT
META	END
iTOW	Origin_X	Origin_Y	Origin_Z	Basis_XX	Basis_XY	Basis_XZ	Basis_YX	Basis_YY	Basis_YZ	Basis_ZX	Basis_ZY	Basis_ZZ
384815250	-0.0710	-0.0501	0.5270	0.0336	0.0304	0.9990	-0.0087	0.9995	-0.0301	-0.9994	-0.0077	0.0339
384815375	-0.0702	-0.0469	0.5302	0.0282	0.0298	0.9992	-0.0087	0.9995	-0.0296	-0.9996	-0.0079	0.0284
384815500	-0.0704	-0.0461	0.5305	0.0275	0.0313	0.9991	-0.0113	0.9995	-0.0310	-0.9996	-0.0105	0.0278
384815625	-0.0706	-0.0462	0.5306	0.0263	0.0295	0.9992	-0.0091	0.9995	-0.0293	-0.9996	-0.0083	0.0266
384815750	-0.0710	-0.0463	0.5300	0.0276	0.0313	0.9991	-0.0092	0.9995	-0.0311	-0.9996	-0.0084	0.0278
384815875	-0.0720	-0.0469	0.5285	0.0285	0.0311	0.9991	-0.0074	0.9995	-0.0309	-0.9996	-0.0065	0.0287
384816000	-0.0712	-0.0463	0.5294	0.0273	0.0302	0.9992	-0.0081	0.9995	-0.0300	-0.9996	-0.0073	0.0275
384816125	-0.0707	-0.0473	0.5317	0.0241	0.0306	0.9992	-0.0062	0.9995	-0.0305	-0.9997	-0.0055	0.0243
384816250	-0.0713	-0.0499	0.5331	0.0247	0.0320	0.9992	-0.0043	0.9995	-0.0319	-0.9997	-0.0035	0.0248
384816375	-0.0715	-0.0501	0.5336	0.0239	0.0321	0.9992	-0.0053	0.9995	-0.0319	-0.9997	-0.0045	0.0241
384816500	-0.0715	-0.0490	0.5330	0.0243	0.0314	0.9992	-0.0066	0.9995	-0.0313	-0.9997	-0.0058	0.0245
384816625	-0.0717	-0.0482	0.5332	0.0247	0.0332	0.9991	-0.0062	0.9994	-0.0330	-0.9997	-0.0054	0.0249
384816750	-0.0717	-0.0497	0.5320	0.0257	0.0321	0.9992	-0.0072	0.9995	-0.0319	-0.9996	-0.0063	0.0259
384816875	-0.0711	-0.0496	0.5317	0.0273	0.0330	0.9991	-0.0091	0.9994	-0.0327	-0.9996	-0.0082	0.0276
384817000	-0.0707	-0.0506	0.5316	0.0268	0.0314	0.9991	-0.0067	0.9995	-0.0312	-0.9996	-0.0059	0.0270
384817125	-0.0702	-0.0501	0.5313	0.0272	0.0309	0.9992	-0.0062	0.9995	-0.0307	-0.9996	-0.0054	0.0274
384817250	-0.0694	-0.0508	0.5319	0.0279	0.0305	0.9991	-0.0068	0.9995	-0.0304	-0.9996	-0.0060	0.0281
384817375	-0.0685	-0.0530	0.5325	0.0274	0.0319	0.9991	-0.0075	0.9995	-0.0317	-0.9996	-0.0067	0.0276
384817500	-0.0705	-0.0543	0.5322	0.0293	0.0335	0.9990	-0.0046	0.9994	-0.0333	-0.9996	-0.0036	0.0294
384817625	-0.0705	-0.0548	0.5327	0.0288	0.0348	0.9990	-0.0019	0.9994	-0.0348	-0.9996	-0.0009	0.0288
384817750	-0.0710	-0.0550	0.5334	0.0293	0.0365	0.9989	-0.0011	0.9993	-0.0365	-0.9996	0.0000	0.0293
384817875	-0.0703	-0.0527	0.5340	0.0271	0.0389	0.9989	0.0001	0.9992	-0.0389	-0.9996	0.0012	0.0271
384818000	-0.0701	-0.0513	0.5336	0.0272	0.0389	0.9989	-0.0004	0.9992	-0.0389	-0.9996	0.0006	0.0272
384818125	-0.0699	-0.0507	0.5330	0.0271	0.0413	0.9988	-0.0008	0.9991	-0.0413	-0.9996	0.0003	0.0271
384818250	-0.0700	-0.0480	0.5329	0.0279	0.0371	0.9989	-0.0034	0.9993	-0.0370	-0.9996	-0.0023	0.0280
384818375	-0.0700	-0.0499	0.5316	0.0282	0.0396	0.9988	-0.0043	0.9992	-0.0394	-0.9996	-0.0032	0.0283
384818500	-0.0693	-0.0494	0.5314	0.0302	0.0390	0.9988	-0.0040	0.9992	-0.0389	-0.9995	-0.0029	0.0303
384818625	-0.0693	-0.0496	0.5320	0.0312	0.0351	0.9989	-0.0061	0.9994	-0.0349	-0.9995	-0.0050	0.0314
384818750	-0.0682	-0.0480	0.5298	0.0328	0.0332	0.9989	-0.0089	0.9994	-0.0329	-0.9994	-0.0078	0.0331
384818875	-0.0693	-0.0462	0.5313	0.0327	0.0368	0.9988	-0.0056	0.9993	-0.0367	-0.9994	-0.0044	0.0329
384819000	-0.0703	-0.0462	0.5333	0.0294	0.0425	0.9987	-0.0029	0.9991	-0.0425	-0.9996	-0.0016	0.0295
384819125	-0.0702	-0.0463	0.5324	0.0279	0.0453	0.9986	0.0008	0.9990	-0.0454	-0.9996	0.0020	0.0278
384819250	-0.0703	-0.0453	0.5345	0.0283	0.0431	0.9987	-0.0017	0.9991	-0.0430	-0.9996	-0.0004	0.0283
384819375	-0.0722	-0.0497	0.5326	0.0282	0.0439	0.9986	-0.0012	0.9990	-0.0438	-0.9996	0.0001	0.0282
384819500	-0.0720	-0.0524	0.5341	0.0252	0.0382	0.9990	-0.0028	0.9993	-0.0381	-0.9997	-0.0018	0.0253
384819625	-0.0723	-0.0536	0.5346	0.0213	0.0382	0.9990	-0.0020	0.9993	-0.0381	-0.9998	-0.0012	0.0214
384819750	-0.0714	-0.0538	0.5330	0.0221	0.0348	0.9991	-0.0051	0.9994	-0.0347	-0.9997	-0.0043	0.0223
384819875	-0.0711	-0.0532	0.5327	0.0237	0.0348	0.9991	-0.0072	0.9994	-0.0347	-0.9997	-0.0064	0.0239
384820000	-0.0712	-0.0542	0.5332	0.0252	0.0337	0.9991	-0.0062	0.9994	-0.0336	-0.9997	-0.0054	0.0254
384820125	-0.0717	-0.0530	0.5342	0.0268	0.0326	0.9991	-0.0072	0.9994	-0.0324	-0.9996	-0.0064	0.0270
384820250	-0.0713	-0.0533	0.5330	0.0275	0.0331	0.9991	-0.0058	0.9994	-0.0330	-0.9996	-0.0049	0.0277
384820375	-0.0706	-0.0549	0.5366	0.0302	0.0321	0.9990	-0.0058	0.9995	-0.0319	-0.9995	-0.0048	0.0304
384820500	-0.0721	-0.0531	0.5367	0.0305	0.0341	0.9990	-0.0051	0.9994	-0.0340	-0.9995	-0.0040	0.0306
384820625	-0.0727	-0.0505	0.5342	0.0319	0.0307	0.9990	-0.0057	0.9995	-0.0305	-0.9995	-0.0048	0.0321
384820750	-0.0710	-0.0485	0.5333	0.0296	0.0310	0.9991	-0.0043	0.9995	-0.0309	-0.9996	-0.0034	0.0298
384820875	-0.0721	-0.0490	0.5313	0.0311	0.0326	0.9990	-0.0044	0.9995	-0.0325	-0.9995	-0.0034	0.0313
384821000	-0.0705	-0.0509	0.5322	0.0291	0.0335	0.9990	-0.0048	0.9994	-0.0334	-0.9996	-0.0038	0.0293
384821125	-0.0721	-0.0514	0.5333	0.0291	0.0328	0.9990	-0.0025	0.9995	-0.0328	-0.9996	-0.0015	0.0292
384821250	-0.0723	-0.0509	0.5318	0.0266	0.0319	0.9991	-0.0026	0.9995	-0.0319	-0.9996	-0.0018	0.0266
384821375	-0.0712	-0.0502	0.5310	0.0263	0.0316	0.9992	-0.0027	0.9995	-0.0315	-0.9997	-0.0019	0.0264
384821500	-0.0708	-0.0499	0.5300	0.0253	0.0311	0.9992	-0.0038	0.9995	-0.0310	-0.9997	-0.0030	0.0254
384821625	-0.0705	-0.0522	0.5311	0.0244	0.0300	0.9993	-0.0031	0.9995	-0.0299	-0.9997	-0.0024	0.0245
384821750	-0.0699	-0.0517	0.5303	0.0253	0.0271	0.9993	-0.0040	0.9996	-0.0270	-0.9997	-0.0033	0.0254
384821875	-0.0704	-0.0531	0.5304	0.0260	0.0273	0.9993	-0.0039	0.9996	-0.0272	-0.9997	-0.0032	0.0261
384822000	-0.0707	-0.0504	0.5312	0.0258	0.0262	0.9993	-0.0052	0.9996	-0.0261	-0.9997	-0.0046	0.0259
384822125	-0.0705	-0.0518	0.5308	0.0277	0.0238	0.9993	-0.0063	0.9997	-0.0237	-0.9996	-0.0056	0.0279
384822250	-0.0713	-0.0508	0.5319	0.0279	0.0267	0.9993	-0.0076	0.9996	-0.0265	-0.9996	-0.0069	0.0281
384822375	-0.0704	-0.0514	0.5317	0.0289	0.0252	0.9993	-0.0072	0.9997	-0.0250	-0.9996	-0.0065	0.0291
384822500	-0.0708	-0.0513	0.5320	0.0296	0.0286	0.9992	-0.0074	0.9996	-0.0284	-0.9995	-0.0066	0.0298
384822625	-0.0713	-0.0518	0.5328	0.0283	0.0278	0.9992	-0.0059	0.9996	-0.0276	-0.9996	-0.0052	0.0284
384822750	-0.0715	-0.0527	0.5320	0.0299	0.0258	0.9992	-0.0075	0.9996	-0.0255	-0.9995	-0.0067	0.0301
384822875	-0.0712	-0.0522	0.5322	0.0294	0.0270	0.9992	-0.0063	0.9996	-0.0268	-0.9995	-0.0055	0.0296
384823000	-0.0712	-0.0535	0.5324	0.0300	0.0268	0.9992	-0.0048	0.9996	-0.0267	-0.9995	-0.0040	0.0301
384823125	-0.0711	-0.0525	0.5320	0.0287	0.0266	0.9992	-0.0046	0.9996	-0.0265	-0.9996	-0.0038	0.0288
384823250	-0.0710	-0.0543	0.5331	0.0298	0.0282	0.9992	-0.0063	0.9996	-0.0280	-0.9995	-0.0055	0.0299
384823375	-0.0715	-0.0538	0.5325	0.0290	0.0269	0.9992	-0.0065	0.9996	-0.0267	-0.9996	-0.0057	0.0291
384823500	-0.0721	-0.0568	0.5345	0.0284	0.0285	0.9992	-0.0052	0.9996	-0.0283	-0.9996	-0.0044	0.0285
384823625	-0.0721	-0.0573	0.5349	0.0270	0.0320	0.9991	-0.0028	0.9995	-0.0319	-0.9996	-0.0020	0.0271
384823750	-0.0715	-0.0546	0.5340	0.0281	0.0287	0.9992	-0.0059	0.9996	-0.0285	-0.9996	-0.0051	0.0283
384823875	-0.0708	-0.0540	0.5346	0.0281	0.0312	0.9991	-0.0059	0.9995	-0.0311	-0.9996	-0.0050	0.0283
384824000	-0.0703	-0.0535	0.5344	0.0277	0.0325	0.9991	-0.0056	0.9995	-0.0324	-0.9996	-0.0047	0.0278
384824125	-0.0699	-0.0545	0.5352	0.0268	0.0317	0.9991	-0.0048	0.9995	-0.0316	-0.9996	-0.0039	0.0270
384824250	-0.0697	-0.0543	0.5340	0.0263	0.0322	0.9991	-0.0054	0.9995	-0.0321	-0.9996	-0.0045	0.0265
384824375	-0.0697	-0.0545	0.5350	0.0278	0.0324	0.9991	-0.0041	0.9995	-0.0323	-0.9996	-0.0032	0.0279
384824500	-0.0699	-0.0514	0.5323	0.0266	0.0290	0.9992	-0.0050	0.9996	-0.0289	-0.9996	-0.0043	0.0268
384824625	-0.0706	-0.0514	0.5327	0.0274	0.0297	0.9992	-0.0059	0.9995	-0.0295	-0.9996	-0.0051	0.0275
384824750	-0.0701	-0.0517	0.5329	0.0272	0.0267	0.9993	-0.0048	0.9996	-0.0266	-0.9996	-0.0041	0.0273
384824875	-0.0703	-0.0525	0.5322	0.0272	0.0283	0.9992	-0.0050	0.9996	-0.0281	-0.9996	-0.0043	0.0273
384825000	-0.0723	-0.0567	0.5330	0.0240	0.0271	0.9993	-0.0012	0.9996	-0.0271	-0.9997	-0.0005	0.0240
384825125	-0.0704	-0.0552	0.5326	0.0240	0.0302	0.9993	-0.0013	0.9995	-0.0301	-0.9997	-0.0006	0.0241
384825250	-0.0699	-0.0523	0.5326	0.0252	0.0284	0.9993	-0.0053	0.9996	-0.0283	-0.9997	-0.0046	0.0254
384825375	-0.0699	-0.0525	0.5309	0.0273	0.0273	0.9993	-0.0069	0.9996	-0.0272	-0.9996	-0.0062	0.0275
384825500	-0.0699	-0.0528	0.5311	0.0264	0.0297	0.9992	-0.0061	0.9995	-0.0296	-0.9996	-0.0053	0.0265
384825625	-0.0701	-0.0526	0.5313	0.0257	0.0293	0.9992	-0.0063	0.9996	-0.0291	-0.9996	-0.0056	0.0259
384825750	-0.0701	-0.0504	0.5294	0.0262	0.0289	0.9992	-0.0059	0.9996	-0.0288	-0.9996	-0.0052	0.0263
384825875	-0.0706	-0.0495	0.5301	0.0259	0.0267	0.9993	-0.0067	0.9996	-0.0265	-0.9996	-0.0060	0.0261
384826000	-0.0705	-0.0500	0.5287	0.0258	0.0281	0.9993	-0.0055	0.9996	-0.0280	-0.9997	-0.0047	0.0260
384826125	-0.0716	-0.0509	0.5304	0.0273	0.0289	0.9992	-0.0051	0.9996	-0.0287	-0.9996	-0.0043	0.0274
384826250	-0.0718	-0.0526	0.5291	0.0267	0.0296	0.9992	-0.0050	0.9996	-0.0295	-0.9996	-0.0042	0.0268
384826375	-0.0714	-0.0500	0.5299	0.0259	0.0284	0.9993	-0.0056	0.9996	-0.0283	-0.9996	-0.0049	0.0260
384826500	-0.0717	-0.0509	0.5280	0.0259	0.0287	0.9993	-0.0053	0.9996	-0.0286	-0.9997	-0.0045	0.0260
384826625	-0.0721	-0.0506	0.5289	0.0273	0.0276	0.9992	-0.0055	0.9996	-0.0275	-0.9996	-0.0048	0.0275
384826750	-0.0725	-0.0511	0.5283	0.0272	0.0306	0.9992	-0.0061	0.9995	-0.0304	-0.9996	-0.0053	0.0274
384826875	-0.0725	-0.0504	0.5284	0.0276	0.0292	0.9992	-0.0057	0.9996	-0.0290	-0.9996	-0.0049	0.0277
384827000	-0.0723	-0.0490	0.5274	0.0265	0.0271	0.9993	-0.0053	0.9996	-0.0270	-0.9996	-0.0046	0.0267
384827125	-0.0728	-0.0488	0.5282	0.0265	0.0308	0.9992	-0.0049	0.9995	-0.0307	-0.9996	-0.0041	0.0267
384827250	-0.0728	-0.0489	0.5288	0.0257	0.0296	0.9992	-0.0043	0.9996	-0.0295	-0.9997	-0.0036	0.0258
384827375	-0.0726	-0.0463	0.5268	0.0264	0.0282	0.9993	-0.0054	0.9996	-0.0281	-0.9996	-0.0047	0.0266
384827500	-0.0729	-0.0465	0.5269	0.0281	0.0238	0.9993	-0.0049	0.9997	-0.0237	-0.9996	-0.0042	0.0282
384827625	-0.0730	-0.0465	0.5263	0.0287	0.0263	0.9992	-0.0055	0.9996	-0.0262	-0.9996	-0.0048	0.0288
384827750	-0.0728	-0.0484	0.5293	0.0259	0.0247	0.9994	-0.0040	0.9997	-0.0247	-0.9997	-0.0033	0.0259
384827875	-0.0726	-0.0488	0.5282	0.0257	0.0233	0.9994	-0.0048	0.9997	-0.0231	-0.9997	-0.0042	0.0258
384828000	-0.0717	-0.0495	0.5292	0.0260	0.0257	0.9993	-0.0061	0.9997	-0.0255	-0.9996	-0.0054	0.0261
384828125	-0.0723	-0.0501	0.5301	0.0259	0.0272	0.9993	-0.0057	0.9996	-0.0271	-0.9996	-0.0050	0.0260
384828250	-0.0716	-0.0530	0.5302	0.0247	0.0277	0.9993	-0.0049	0.9996	-0.0276	-0.9997	-0.0042	0.0249
384828375	-0.0727	-0.0520	0.5292	0.0255	0.0272	0.9993	-0.0043	0.9996	-0.0271	-0.9997	-0.0036	0.0256
384828500	-0.0731	-0.0521	0.5292	0.0286	0.0319	0.9991	-0.0033	0.9995	-0.0318	-0.9996	-0.0024	0.0287
384828625	-0.0733	-0.0523	0.5309	0.0271	0.0324	0.9991	-0.0014	0.9995	-0.0324	-0.9996	-0.0006	0.0271
384828750	-0.0725	-0.0539	0.5334	0.0269	0.0334	0.9991	-0.0039	0.9994	-0.0333	-0.9996	-0.0030	0.0271
384828875	-0.0726	-0.0557	0.5343	0.0269	0.0375	0.9989	-0.0044	0.9993	-0.0373	-0.9996	-0.0034	0.0270
384829000	-0.0734	-0.0563	0.5325	0.0260	0.0367	0.9990	-0.0049	0.9993	-0.0366	-0.9996	-0.0039	0.0262
384829125	-0.0729	-0.0545	0.5320	0.0261	0.0396	0.9989	-0.0075	0.9992	-0.0394	-0.9996	-0.0064	0.0264
384829250	-0.0713	-0.0536	0.5297	0.0237	0.0355	0.9991	-0.0064	0.9994	-0.0353	-0.9997	-0.0055	0.0239
384829375	-0.0720	-0.0535	0.5286	0.0245	0.0302	0.9992	-0.0056	0.9995	-0.0301	-0.9997	-0.0049	0.0247
384829500	-0.0720	-0.0542	0.5306	0.0264	0.0329	0.9991	-0.0075	0.9994	-0.0327	-0.9996	-0.0067	0.0266
384829625	-0.0723	-0.0589	0.5306	0.0221	0.0433	0.9988	-0.0081	0.9990	-0.0431	-0.9997	-0.0071	0.0225
384829750	-0.0720	-0.0611	0.5323	0.0256	0.0513	0.9984	-0.0122	0.9986	-0.0510	-0.9996	-0.0109	0.0262
384829875	-0.0711	-0.0624	0.5333	0.0248	0.0557	0.9981	-0.0131	0.9984	-0.0554	-0.9996	-0.0117	0.0255
384830000	-0.0715	-0.0620	0.5338	0.0251	0.0532	0.9983	-0.0125	0.9985	-0.0529	-0.9996	-0.0111	0.0257
384830125	-0.0727	-0.0619	0.5344	0.0270	0.0534	0.9982	-0.0122	0.9985	-0.0531	-0.9996	-0.0107	0.0276
384830250	-0.0729	-0.0577	0.5322	0.0262	0.0438	0.9987	-0.0089	0.9990	-0.0436	-0.9996	-0.0077	0.0265
384830375	-0.0734	-0.0594	0.5336	0.0242	0.0421	0.9988	-0.0016	0.9991	-0.0421	-0.9997	-0.0005	0.0243
384830500	-0.0740	-0.0565	0.5336	0.0257	0.0345	0.9991	-0.0036	0.9994	-0.0345	-0.9997	-0.0027	0.0258
384830625	-0.0741	-0.0554	0.5326	0.0255	0.0354	0.9990	0.0010	0.9994	-0.0354	-0.9997	0.0019	0.0254
384830750	-0.0729	-0.0555	0.5326	0.0249	0.0385	0.9989	0.0011	0.9993	-0.0385	-0.9997	0.0020	0.0248
384830875	-0.0720	-0.0567	0.5308	0.0246	0.0346	0.9991	0.0007	0.9994	-0.0347	-0.9997	0.0015	0.0246
384831000	-0.0738	-0.0569	0.5313	0.0251	0.0340	0.9991	0.0025	0.9994	-0.0340	-0.9997	0.0033	0.0250
384831125	-0.0717	-0.0564	0.5301	0.0264	0.0324	0.9991	0.0018	0.9995	-0.0325	-0.9996	0.0027	0.0263
384831250	-0.0719	-0.0554	0.5304	0.0278	0.0314	0.9991	-0.0009	0.9995	-0.0314	-0.9996	0.0000	0.0278
384831375	-0.0719	-0.0544	0.5297	0.0270	0.0318	0.9991	0.0012	0.9995	-0.0319	-0.9996	0.0020	0.0269
384831500	-0.0719	-0.0545	0.5301	0.0274	0.0322	0.9991	0.0005	0.9995	-0.0323	-0.9996	0.0013	0.0274
384831625	-0.0718	-0.0547	0.5300	0.0268	0.0312	0.9992	0.0006	0.9995	-0.0312	-0.9996	0.0015	0.0267
384831750	-0.0722	-0.0538	0.5294	0.0269	0.0308	0.9992	0.0019	0.9995	-0.0309	-0.9996	0.0027	0.0268
384831875	-0.0725	-0.0518	0.5294	0.0277	0.0263	0.9993	0.0014	0.9997	-0.0263	-0.9996	0.0022	0.0277
384832000	-0.0720	-0.0508	0.5274	0.0250	0.0281	0.9993	0.0029	0.9996	-0.0282	-0.9997	0.0036	0.0249
384832125	-0.0721	-0.0481	0.5269	0.0257	0.0272	0.9993	0.0044	0.9996	-0.0273	-0.9997	0.0051	0.0256
384832250	-0.0726	-0.0488	0.5280	0.0257	0.0291	0.9992	0.0041	0.9996	-0.0292	-0.9997	0.0049	0.0256
384832375	-0.0735	-0.0502	0.5275	0.0246	0.0306	0.9992	0.0035	0.9995	-0.0307	-0.9997	0.0042	0.0244
384832500	-0.0728	-0.0525	0.5279	0.0252	0.0314	0.9992	0.0031	0.9995	-0.0315	-0.9997	0.0039	0.0251
384832625	-0.0732	-0.0534	0.5286	0.0250	0.0315	0.9992	0.0018	0.9995	-0.0316	-0.9997	0.0026	0.0249
384832750	-0.0711	-0.0516	0.5287	0.0249	0.0324	0.9992	-0.0004	0.9995	-0.0324	-0.9997	0.0004	0.0249
384832875	-0.0703	-0.0532	0.5286	0.0242	0.0348	0.9991	0.0008	0.9994	-0.0349	-0.9997	0.0017	0.0242
384833000	-0.0694	-0.0552	0.5303	0.0231	0.0340	0.9992	0.0008	0.9994	-0.0340	-0.9997	0.0015	0.0231
384833125	-0.0703	-0.0543	0.5326	0.0254	0.0316	0.9992	0.0017	0.9995	-0.0316	-0.9997	0.0025	0.0254
384833250	-0.0702	-0.0536	0.5309	0.0251	0.0305	0.9992	0.0015	0.9995	-0.0305	-0.9997	0.0023	0.0250
384833375	-0.0681	-0.0524	0.5299	0.0259	0.0334	0.9991	0.0008	0.9994	-0.0334	-0.9997	0.0016	0.0259
384833500	-0.0687	-0.0498	0.5294	0.0258	0.0319	0.9992	-0.0003	0.9995	-0.0319	-0.9997	0.0005	0.0258
384833625	-0.0694	-0.0488	0.5266	0.0255	0.0324	0.9991	-0.0033	0.9995	-0.0323	-0.9997	-0.0025	0.0256
384833750	-0.0688	-0.0455	0.5269	0.0254	0.0308	0.9992	-0.0027	0.9995	-0.0308	-0.9997	-0.0020	0.0255
384833875	-0.0682	-0.0469	0.5263	0.0264	0.0317	0.9991	-0.0028	0.9995	-0.0316	-0.9996	-0.0020	0.0265
384834000	-0.0684	-0.0478	0.5292	0.0254	0.0296	0.9992	-0.0044	0.9996	-0.0295	-0.9997	-0.0036	0.0255
384834125	-0.0686	-0.0489	0.5278	0.0247	0.0288	0.9993	-0.0054	0.9996	-0.0287	-0.9997	-0.0047	0.0248
384834250	-0.0694	-0.0503	0.5272	0.0238	0.0317	0.9992	-0.0053	0.9995	-0.0316	-0.9997	-0.0045	0.0240
384834375	-0.0684	-0.0521	0.5275	0.0199	0.0319	0.9993	-0.0034	0.9995	-0.0318	-0.9998	-0.0027	0.0200
384834500	-0.0694	-0.0514	0.5264	0.0212	0.0370	0.9991	-0.0038	0.9993	-0.0370	-0.9998	-0.0030	0.0214
384834625	-0.0693	-0.0494	0.5266	0.0217	0.0365	0.9991	-0.0048	0.9993	-0.0364	-0.9998	-0.0040	0.0219
384834750	-0.0697	-0.0482	0.5260	0.0248	0.0367	0.9990	-0.0037	0.9993	-0.0366	-0.9997	-0.0028	0.0249
384834875	-0.0703	-0.0493	0.5263	0.0258	0.0357	0.9990	-0.0039	0.9994	-0.0356	-0.9997	-0.0030	0.0260
384835000	-0.0692	-0.0485	0.5269	0.0234	0.0367	0.9991	-0.0037	0.9993	-0.0367	-0.9997	-0.0029	0.0235
384835125	-0.0688	-0.0481	0.5277	0.0239	0.0332	0.9992	-0.0035	0.9994	-0.0331	-0.9997	-0.0027	0.0241
384835250	-0.0697	-0.0469	0.5261	0.0246	0.0356	0.9991	-0.0022	0.9994	-0.0356	-0.9997	-0.0013	0.0247
384835375	-0.0689	-0.0451	0.5265	0.0271	0.0368	0.9990	-0.0032	0.9993	-0.0367	-0.9996	-0.0022	0.0272
384835500	-0.0691	-0.0458	0.5284	0.0239	0.0346	0.9991	-0.0013	0.9994	-0.0346	-0.9997	-0.0005	0.0239
384835625	-0.0683	-0.0457	0.5293	0.0242	0.0273	0.9993	-0.0021	0.9996	-0.0272	-0.9997	-0.0014	0.0242
384835750	-0.0680	-0.0458	0.5274	0.0250	0.0248	0.9994	-0.0034	0.9997	-0.0247	-0.9997	-0.0028	0.0251
384835875	-0.0670	-0.0487	0.5284	0.0240	0.0274	0.9993	-0.0062	0.9996	-0.0273	-0.9997	-0.0055	0.0242
384836000	-0.0676	-0.0467	0.5273	0.0269	0.0283	0.9992	-0.0066	0.9996	-0.0281	-0.9996	-0.0058	0.0271
384836125	-0.0669	-0.0466	0.5260	0.0216	0.0249	0.9995	-0.0046	0.9997	-0.0248	-0.9998	-0.0041	0.0217
384836250	-0.0660	-0.0444	0.5264	0.0225	0.0325	0.9992	-0.0067	0.9995	-0.0323	-0.9997	-0.0060	0.0227
384836375	-0.0663	-0.0467	0.5259	0.0222	0.0368	0.9991	-0.0061	0.9993	-0.0366	-0.9997	-0.0053	0.0225
384836500	-0.0663	-0.0449	0.5249	0.0234	0.0367	0.9991	-0.0095	0.9993	-0.0365	-0.9997	-0.0086	0.0238
384836625	-0.0657	-0.0444	0.5266	0.0237	0.0363	0.9991	-0.0098	0.9993	-0.0361	-0.9997	-0.0090	0.0240
384836750	-0.0658	-0.0480	0.5248	0.0242	0.0401	0.9989	-0.0115	0.9991	-0.0398	-0.9996	-0.0105	0.0246
384836875	-0.0664	-0.0496	0.5264	0.0242	0.0381	0.9990	-0.0103	0.9992	-0.0378	-0.9997	-0.0094	0.0246
384837000	-0.0663	-0.0492	0.5255	0.0255	0.0380	0.9990	-0.0103	0.9992	-0.0378	-0.9996	-0.0094	0.0258
384837125	-0.0678	-0.0502	0.5256	0.0255	0.0431	0.9987	-0.0098	0.9990	-0.0428	-0.9996	-0.0087	0.0259
384837250	-0.0684	-0.0528	0.5256	0.0234	0.0402	0.9989	-0.0055	0.9992	-0.0401	-0.9997	-0.0045	0.0236
384837375	-0.0668	-0.0523	0.5264	0.0230	0.0373	0.9990	-0.0033	0.9993	-0.0372	-0.9997	-0.0025	0.0231
384837500	-0.0654	-0.0545	0.5263	0.0243	0.0455	0.9987	-0.0083	0.9989	-0.0453	-0.9997	-0.0072	0.0247
384837625	-0.0657	-0.0571	0.5272	0.0231	0.0509	0.9984	-0.0120	0.9986	-0.0507	-0.9997	-0.0109	0.0237
384837750	-0.0677	-0.0582	0.5263	0.0228	0.0455	0.9987	-0.0056	0.9990	-0.0454	-0.9997	-0.0045	0.0230
384837875	-0.0712	-0.0552	0.5222	0.0197	0.0308	0.9993	0.0029	0.9995	-0.0309	-0.9998	0.0035	0.0196
384838000	-0.0692	-0.0464	0.5209	0.0194	0.0148	0.9997	0.0119	0.9998	-0.0150	-0.9997	0.0122	0.0193
384838125	-0.0729	-0.0450	0.5205	0.0194	0.0164	0.9997	0.0117	0.9998	-0.0166	-0.9997	0.0120	0.0192
384838250	-0.0684	-0.0432	0.5221	0.0174	0.0213	0.9996	0.0054	0.9998	-0.0214	-0.9998	0.0058	0.0173
384838375	-0.0702	-0.0442	0.5280	0.0226	0.0263	0.9994	0.0027	0.9996	-0.0263	-0.9997	0.0033	0.0225
384838500	-0.0683	-0.0449	0.5237	0.0213	0.0245	0.9995	0.0022	0.9997	-0.0246	-0.9998	0.0027	0.0212
384838625	-0.0691	-0.0483	0.5226	0.0242	0.0288	0.9993	-0.0008	0.9996	-0.0288	-0.9997	-0.0001	0.0242
384838750	-0.0712	-0.0485	0.5230	0.0254	0.0334	0.9991	-0.0036	0.9994	-0.0333	-0.9997	-0.0027	0.0255
384838875	-0.0711	-0.0496	0.5239	0.0258	0.0294	0.9992	0.0011	0.9996	-0.0294	-0.9997	0.0018	0.0258
384839000	-0.0704	-0.0495	0.5225	0.0249	0.0292	0.9993	-0.0014	0.9996	-0.0291	-0.9997	-0.0007	0.0250
384839125	-0.0702	-0.0496	0.5223	0.0268	0.0288	0.9992	-0.0019	0.9996	-0.0288	-0.9996	-0.0011	0.0269
384839250	-0.0708	-0.0482	0.5229	0.0262	0.0273	0.9993	-0.0024	0.9996	-0.0273	-0.9997	-0.0017	0.0262
384839375	-0.0712	-0.0481	0.5262	0.0251	0.0267	0.9993	-0.0003	0.9996	-0.0267	-0.9997	0.0004	0.0251
384839500	-0.0729	-0.0482	0.5266	0.0265	0.0196	0.9995	0.0019	0.9998	-0.0197	-0.9996	0.0024	0.0264
384839625	-0.0723	-0.0476	0.5267	0.0233	0.0214	0.9995	0.0051	0.9998	-0.0215	-0.9997	0.0056	0.0232
384839750	-0.0711	-0.0508	0.5249	0.0263	0.0251	0.9993	0.0051	0.9997	-0.0253	-0.9996	0.0058	0.0262
384839875	-0.0726	-0.0521	0.5274	0.0251	0.0249	0.9994	0.0062	0.9997	-0.0250	-0.9997	0.0068	0.0250
384840000	-0.0730	-0.0525	0.5294	0.0241	0.0301	0.9993	0.0066	0.9995	-0.0302	-0.9997	0.0074	0.0239
384840125	-0.0728	-0.0563	0.5278	0.0256	0.0315	0.9992	0.0103	0.9994	-0.0317	-0.9996	0.0111	0.0253
384840250	-0.0717	-0.0527	0.5328	0.0188	0.0305	0.9994	0.0077	0.9995	-0.0306	-0.9998	0.0083	0.0186
384840375	-0.0718	-0.0544	0.5310	0.0192	0.0286	0.9994	0.0095	0.9995	-0.0288	-0.9998	0.0100	0.0189
384840500	-0.0721	-0.0523	0.5269	0.0257	0.0256	0.9993	0.0063	0.9996	-0.0258	-0.9996	0.0070	0.0256
384840625	-0.0720	-0.0513	0.5267	0.0234	0.0259	0.9994	0.0065	0.9996	-0.0261	-0.9997	0.0071	0.0232
384840750	-0.0710	-0.0505	0.5266	0.0243	0.0249	0.9994	0.0061	0.9997	-0.0250	-0.9997	0.0067	0.0241
384840875	-0.0702	-0.0522	0.5286	0.0234	0.0246	0.9994	0.0099	0.9996	-0.0248	-0.9997	0.0104	0.0232
384841000	-0.0697	-0.0510	0.5277	0.0237	0.0279	0.9993	0.0076	0.9996	-0.0280	-0.9997	0.0082	0.0235
384841125	-0.0690	-0.0492	0.5279	0.0253	0.0254	0.9994	0.0034	0.9997	-0.0255	-0.9997	0.0040	0.0252
384841250	-0.0691	-0.0522	0.5278	0.0248	0.0270	0.9993	0.0057	0.9996	-0.0271	-0.9997	0.0064	0.0246
384841375	-0.0696	-0.0546	0.5261	0.0257	0.0251	0.9994	0.0061	0.9997	-0.0253	-0.9997	0.0067	0.0255
384841500	-0.0699	-0.0549	0.5268	0.0248	0.0261	0.9994	0.0083	0.9996	-0.0263	-0.9997	0.0090	0.0246
384841625	-0.0701	-0.0548	0.5263	0.0232	0.0235	0.9995	0.0081	0.9997	-0.0237	-0.9997	0.0087	0.0230
384841750	-0.0704	-0.0545	0.5269	0.0233	0.0248	0.9994	0.0086	0.9997	-0.0250	-0.9997	0.0091	0.0231
384841875	-0.0700	-0.0537	0.5270	0.0220	0.0252	0.9994	0.0075	0.9996	-0.0254	-0.9997	0.0080	0.0218
384842000	-0.0702	-0.0559	0.5279	0.0206	0.0267	0.9994	0.0085	0.9996	-0.0269	-0.9998	0.0090	0.0203
384842125	-0.0714	-0.0559	0.5288	0.0189	0.0255	0.9995	0.0080	0.9996	-0.0257	-0.9998	0.0085	0.0186
384842250	-0.0697	-0.0558	0.5301	0.0207	0.0260	0.9994	0.0092	0.9996	-0.0262	-0.9997	0.0097	0.0204
384842375	-0.0695	-0.0537	0.5277	0.0239	0.0290	0.9993	0.0072	0.9995	-0.0292	-0.9997	0.0079	0.0237
384842500	-0.0698	-0.0523	0.5281	0.0218	0.0246	0.9995	0.0072	0.9997	-0.0248	-0.9997	0.0078	0.0216
384842625	-0.0694	-0.0526	0.5282	0.0219	0.0265	0.9994	0.0048	0.9996	-0.0266	-0.9997	0.0054	0.0218
384842750	-0.0697	-0.0532	0.5289	0.0207	0.0273	0.9994	0.0062	0.9996	-0.0274	-0.9998	0.0067	0.0205
384842875	-0.0696	-0.0527	0.5277	0.0218	0.0274	0.9994	0.0053	0.9996	-0.0275	-0.9997	0.0059	0.0216
384843000	-0.0697	-0.0528	0.5277	0.0207	0.0262	0.9994	0.0060	0.9996	-0.0263	-0.9998	0.0065	0.0205
384843125	-0.0692	-0.0539	0.5286	0.0220	0.0260	0.9994	0.0045	0.9996	-0.0261	-0.9997	0.0050	0.0218
384843250	-0.0700	-0.0538	0.5272	0.0204	0.0254	0.9995	0.0042	0.9997	-0.0255	-0.9998	0.0047	0.0203
384843375	-0.0693	-0.0552	0.5280	0.0210	0.0255	0.9995	0.0040	0.9997	-0.0256	-0.9998	0.0046	0.0209
384843500	-0.0682	-0.0522	0.5291	0.0204	0.0292	0.9994	-0.0014	0.9996	-0.0292	-0.9998	-0.0008	0.0205
384843625	-0.0697	-0.0489	0.5315	0.0165	0.0298	0.9994	-0.0052	0.9995	-0.0297	-0.9998	-0.0047	0.0167
384843750	-0.0688	-0.0508	0.5278	0.0179	0.0318	0.9993	-0.0020	0.9995	-0.0318	-0.9998	-0.0014	0.0179
384843875	-0.0688	-0.0502	0.5304	0.0166	0.0322	0.9993	-0.0029	0.9995	-0.0322	-0.9999	-0.0023	0.0167
384844000	-0.0703	-0.0493	0.5300	0.0172	0.0260	0.9995	-0.0024	0.9997	-0.0260	-0.9998	-0.0019	0.0173
384844125	-0.0706	-0.0491	0.5313	0.0152	0.0241	0.9996	-0.0001	0.9997	-0.0241	-0.9999	0.0003	0.0152
384844250	-0.0693	-0.0454	0.5325	0.0161	0.0265	0.9995	-0.0026	0.9996	-0.0265	-0.9999	-0.0022	0.0162
384844375	-0.0677	-0.0423	0.5303	0.0175	0.0231	0.9996	-0.0055	0.9997	-0.0230	-0.9998	-0.0051	0.0176
384844500	-0.0669	-0.0411	0.5289	0.0198	0.0237	0.9995	-0.0046	0.9997	-0.0237	-0.9998	-0.0041	0.0200
384844625	-0.0676	-0.0466	0.5278	0.0209	0.0240	0.9995	-0.0008	0.9997	-0.0240	-0.9998	-0.0003	0.0209
384844750	-0.0682	-0.0441	0.5244	0.0225	0.0212	0.9995	-0.0010	0.9998	-0.0211	-0.9997	-0.0006	0.0225
384844875	-0.0693	-0.0450	0.5272	0.0211	0.0225	0.9995	0.0010	0.9997	-0.0226	-0.9998	0.0015	0.0211
384845000	-0.0688	-0.0476	0.5290	0.0184	0.0240	0.9995	0.0047	0.9997	-0.0241	-0.9998	0.0052	0.0183
384845125	-0.0678	-0.0439	0.5262	0.0210	0.0218	0.9995	0.0008	0.9998	-0.0218	-0.9998	0.0013	0.0209
384845250	-0.0685	-0.0462	0.5274	0.0204	0.0229	0.9995	-0.0022	0.9997	-0.0228	-0.9998	-0.0017	0.0205
384845375	-0.0684	-0.0490	0.5283	0.0214	0.0253	0.9995	-0.0012	0.9997	-0.0253	-0.9998	-0.0007	0.0214
384845500	-0.0693	-0.0496	0.5268	0.0191	0.0232	0.9995	-0.0017	0.9997	-0.0232	-0.9998	-0.0013	0.0191
384845625	-0.0691	-0.0509	0.5279	0.0185	0.0266	0.9995	-0.0005	0.9996	-0.0266	-0.9998	0.0000	0.0185
384845750	-0.0689	-0.0505	0.5288	0.0186	0.0264	0.9995	-0.0024	0.9996	-0.0264	-0.9998	-0.0020	0.0187
384845875	-0.0701	-0.0488	0.5285	0.0193	0.0224	0.9996	-0.0005	0.9997	-0.0224	-0.9998	-0.0000	0.0194
384846000	-0.0684	-0.0496	0.5311	0.0209	0.0280	0.9994	-0.0035	0.9996	-0.0280	-0.9998	-0.0029	0.0210
384846125	-0.0676	-0.0496	0.5289	0.0226	0.0244	0.9994	-0.0014	0.9997	-0.0244	-0.9997	-0.0008	0.0226
384846250	-0.0676	-0.0494	0.5301	0.0199	0.0252	0.9995	-0.0020	0.9997	-0.0252	-0.9998	-0.0015	0.0199
384846375	-0.0680	-0.0478	0.5276	0.0228	0.0269	0.9994	-0.0018	0.9996	-0.0268	-0.9997	-0.0012	0.0229
384846500	-0.0677	-0.0490	0.5271	0.0209	0.0296	0.9993	-0.0030	0.9996	-0.0296	-0.9998	-0.0023	0.0210
384846625	-0.0682	-0.0485	0.5286	0.0210	0.0274	0.9994	-0.0020	0.9996	-0.0274	-0.9998	-0.0015	0.0211
384846750	-0.0691	-0.0508	0.5275	0.0215	0.0267	0.9994	-0.0031	0.9996	-0.0266	-0.9998	-0.0025	0.0216
384846875	-0.0692	-0.0512	0.5287	0.0196	0.0273	0.9994	-0.0028	0.9996	-0.0272	-0.9998	-0.0023	0.0197
384847000	-0.0688	-0.0502	0.5273	0.0222	0.0261	0.9994	-0.0045	0.9997	-0.0260	-0.9997	-0.0039	0.0223
384847125	-0.0681	-0.0510	0.5272	0.0227	0.0246	0.9994	-0.0039	0.9997	-0.0245	-0.9997	-0.0033	0.0228
384847250	-0.0690	-0.0527	0.5276	0.0229	0.0233	0.9995	-0.0031	0.9997	-0.0233	-0.9997	-0.0025	0.0230
384847375	-0.0685	-0.0542	0.5271	0.0211	0.0231	0.9995	0.0002	0.9997	-0.0231	-0.9998	0.0007	0.0211
384847500	-0.0682	-0.0538	0.5276	0.0223	0.0233	0.9995	-0.0015	0.9997	-0.0232	-0.9998	-0.0010	0.0223
384847625	-0.0679	-0.0528	0.5264	0.0208	0.0278	0.9994	-0.0029	0.9996	-0.0278	-0.9998	-0.0023	0.0208
384847750	-0.0688	-0.0550	0.5269	0.0222	0.0294	0.9993	-0.0007	0.9996	-0.0294	-0.9998	-0.0001	0.0222
384847875	-0.0683	-0.0530	0.5272	0.0212	0.0291	0.9994	-0.0036	0.9996	-0.0290	-0.9998	-0.0030	0.0213
384848000	-0.0686	-0.0541	0.5267	0.0219	0.0283	0.9994	-0.0027	0.9996	-0.0283	-0.9998	-0.0021	0.0219
384848125	-0.0693	-0.0567	0.5280	0.0212	0.0270	0.9994	-0.0001	0.9996	-0.0270	-0.9998	0.0004	0.0212
384848250	-0.0694	-0.0559	0.5284	0.0217	0.0289	0.9993	0.0001	0.9996	-0.0289	-0.9998	0.0007	0.0216
384848375	-0.0700	-0.0541	0.5278	0.0203	0.0288	0.9994	-0.0009	0.9996	-0.0287	-0.9998	-0.0003	0.0203
384848500	-0.0705	-0.0518	0.5268	0.0203	0.0281	0.9994	-0.0036	0.9996	-0.0281	-0.9998	-0.0030	0.0204
384848625	-0.0712	-0.0515	0.5266	0.0200	0.0278	0.9994	-0.0032	0.9996	-0.0277	-0.9998	-0.0027	0.0201
384848750	-0.0714	-0.0496	0.5264	0.0203	0.0279	0.9994	-0.0041	0.9996	-0.0278	-0.9998	-0.0035	0.0204
384848875	-0.0715	-0.0515	0.5251	0.0208	0.0270	0.9994	-0.0026	0.9996	-0.0269	-0.9998	-0.0020	0.0209
384849000	-0.0716	-0.0503	0.5260	0.0215	0.0273	0.9994	-0.0052	0.9996	-0.0272	-0.9998	-0.0046	0.0216
384849125	-0.0713	-0.0517	0.5266	0.0214	0.0271	0.9994	-0.0040	0.9996	-0.0270	-0.9998	-0.0034	0.0215
384849250	-0.0711	-0.0515	0.5261	0.0223	0.0276	0.9994	-0.0051	0.9996	-0.0275	-0.9997	-0.0045	0.0224
384849375	-0.0722	-0.0544	0.5265	0.0224	0.0252	0.9994	-0.0039	0.9997	-0.0252	-0.9997	-0.0034	0.0225
384849500	-0.0714	-0.0525	0.5259	0.0222	0.0268	0.9994	-0.0047	0.9996	-0.0267	-0.9997	-0.0041	0.0223
384849625	-0.0710	-0.0540	0.5254	0.0233	0.0272	0.9994	-0.0045	0.9996	-0.0271	-0.9997	-0.0039	0.0235
384849750	-0.0715	-0.0549	0.5255	0.0227	0.0295	0.9993	-0.0027	0.9996	-0.0295	-0.9997	-0.0020	0.0228
384849875	-0.0706	-0.0539	0.5250	0.0238	0.0288	0.9993	-0.0035	0.9996	-0.0287	-0.9997	-0.0028	0.0239
384850000	-0.0711	-0.0530	0.5251	0.0232	0.0295	0.9993	-0.0043	0.9996	-0.0294	-0.9997	-0.0036	0.0233
384850125	-0.0707	-0.0533	0.5256	0.0227	0.0285	0.9993	-0.0026	0.9996	-0.0285	-0.9997	-0.0020	0.0228
384850250	-0.0704	-0.0518	0.5250	0.0225	0.0283	0.9993	-0.0034	0.9996	-0.0282	-0.9997	-0.0028	0.0226
384850375	-0.0710	-0.0493	0.5255	0.0221	0.0282	0.9994	-0.0055	0.9996	-0.0281	-0.9997	-0.0049	0.0222
384850500	-0.0711	-0.0490	0.5251	0.0225	0.0287	0.9993	-0.0049	0.9996	-0.0286	-0.9997	-0.0043	0.0226
384850625	-0.0715	-0.0489	0.5260	0.0231	0.0265	0.9994	-0.0052	0.9996	-0.0263	-0.9997	-0.0046	0.0232
384850750	-0.0714	-0.0462	0.5261	0.0237	0.0265	0.9994	-0.0084	0.9996	-0.0263	-0.9997	-0.0078	0.0240
384850875	-0.0712	-0.0481	0.5269	0.0249	0.0262	0.9993	-0.0071	0.9996	-0.0260	-0.9997	-0.0064	0.0251
384851000	-0.0710	-0.0477	0.5268	0.0236	0.0273	0.9993	-0.0081	0.9996	-0.0271	-0.9997	-0.0074	0.0238
384851125	-0.0709	-0.0491	0.5277	0.0240	0.0272	0.9993	-0.0050	0.9996	-0.0271	-0.9997	-0.0044	0.0241
384851250	-0.0710	-0.0499	0.5281	0.0236	0.0270	0.9994	-0.0061	0.9996	-0.0269	-0.9997	-0.0055	0.0238
384851375	-0.0709	-0.0484	0.5264	0.0253	0.0280	0.9993	-0.0063	0.9996	-0.0279	-0.9997	-0.0056	0.0255
384851500	-0.0703	-0.0500	0.5287	0.0218	0.0240	0.9995	-0.0054	0.9997	-0.0239	-0.9997	-0.0049	0.0219
384851625	-0.0705	-0.0510	0.5282	0.0220	0.0233	0.9995	-0.0036	0.9997	-0.0233	-0.9998	-0.0031	0.0221
384851750	-0.0711	-0.0528	0.5292	0.0211	0.0258	0.9994	-0.0028	0.9997	-0.0258	-0.9998	-0.0022	0.0212
384851875	-0.0707	-0.0535	0.5291	0.0219	0.0240	0.9995	-0.0030	0.9997	-0.0240	-0.9998	-0.0025	0.0219
384852000	-0.0705	-0.0516	0.5289	0.0209	0.0258	0.9994	-0.0039	0.9997	-0.0257	-0.9998	-0.0034	0.0210
384852125	-0.0706	-0.0499	0.5287	0.0220	0.0255	0.9994	-0.0050	0.9997	-0.0254	-0.9997	-0.0044	0.0222
384852250	-0.0709	-0.0500	0.5292	0.0210	0.0242	0.9995	-0.0060	0.9997	-0.0241	-0.9998	-0.0055	0.0212
384852375	-0.0711	-0.0500	0.5286	0.0217	0.0243	0.9995	-0.0049	0.9997	-0.0242	-0.9998	-0.0044	0.0218
384852500	-0.0706	-0.0513	0.5293	0.0209	0.0253	0.9995	-0.0058	0.9997	-0.0252	-0.9998	-0.0053	0.0211
384852625	-0.0714	-0.0512	0.5304	0.0194	0.0259	0.9995	-0.0057	0.9997	-0.0258	-0.9998	-0.0052	0.0195
384852750	-0.0703	-0.0524	0.5292	0.0206	0.0266	0.9994	-0.0066	0.9996	-0.0265	-0.9998	-0.0061	0.0207
384852875	-0.0704	-0.0543	0.5291	0.0205	0.0264	0.9994	-0.0040	0.9996	-0.0263	-0.9998	-0.0034	0.0206
384853000	-0.0708	-0.0524	0.5286	0.0206	0.0237	0.9995	-0.0028	0.9997	-0.0236	-0.9998	-0.0023	0.0207
384853125	-0.0706	-0.0539	0.5284	0.0214	0.0264	0.9994	-0.0050	0.9996	-0.0263	-0.9998	-0.0044	0.0215
384853250	-0.0704	-0.0517	0.5277	0.0204	0.0257	0.9995	-0.0052	0.9997	-0.0256	-0.9998	-0.0047	0.0205
384853375	-0.0710	-0.0512	0.5270	0.0227	0.0248	0.9994	-0.0065	0.9997	-0.0247	-0.9997	-0.0060	0.0228
384853500	-0.0709	-0.0538	0.5284	0.0194	0.0264	0.9995	-0.0043	0.9996	-0.0263	-0.9998	-0.0038	0.0195
384853625	-0.0713	-0.0543	0.5270	0.0223	0.0269	0.9994	-0.0061	0.9996	-0.0268	-0.9997	-0.0055	0.0225
384853750	-0.0702	-0.0531	0.5272	0.0200	0.0248	0.9995	-0.0065	0.9997	-0.0247	-0.9998	-0.0060	0.0202
384853875	-0.0715	-0.0548	0.5264	0.0208	0.0256	0.9995	-0.0062	0.9997	-0.0255	-0.9998	-0.0056	0.0210
384854000	-0.0706	-0.0551	0.5266	0.0214	0.0270	0.9994	-0.0050	0.9996	-0.0269	-0.9998	-0.0044	0.0216
384854125	-0.0710	-0.0581	0.5262	0.0206	0.0276	0.9994	-0.0033	0.9996	-0.0276	-0.9998	-0.0028	0.0206
384854250	-0.0706	-0.0571	0.5270	0.0204	0.0289	0.9994	-0.0062	0.9996	-0.0288	-0.9998	-0.0056	0.0206
384854375	-0.0718	-0.0566	0.5255	0.0208	0.0265	0.9994	-0.0049	0.9996	-0.0264	-0.9998	-0.0043	0.0209
384854500	-0.0705	-0.0559	0.5251	0.0233	0.0279	0.9993	-0.0060	0.9996	-0.0277	-0.9997	-0.0053	0.0234
384854625	-0.0714	-0.0547	0.5250	0.0224	0.0303	0.9993	-0.0054	0.9995	-0.0302	-0.9997	-0.0047	0.0226
384854750	-0.0712	-0.0558	0.5246	0.0229	0.0299	0.9993	-0.0055	0.9995	-0.0298	-0.9997	-0.0048	0.0231
384854875	-0.0706	-0.0556	0.5248	0.0224	0.0287	0.9993	-0.0050	0.9996	-0.0286	-0.9997	-0.0044	0.0225
384855000	-0.0719	-0.0544	0.5267	0.0201	0.0298	0.9994	-0.0046	0.9995	-0.0297	-0.9998	-0.0040	0.0202
384855125	-0.0713	-0.0558	0.5243	0.0211	0.0289	0.9994	-0.0030	0.9996	-0.0288	-0.9998	-0.0024	0.0212
384855250	-0.0715	-0.0544	0.5251	0.0210	0.0293	0.9994	-0.0047	0.9996	-0.0292	-0.9998	-0.0041	0.0211
384855375	-0.0721	-0.0559	0.5237	0.0230	0.0279	0.9993	-0.0035	0.9996	-0.0278	-0.9997	-0.0029	0.0231
384855500	-0.0725	-0.0535	0.5248	0.0223	0.0264	0.9994	-0.0065	0.9996	-0.0262	-0.9997	-0.0059	0.0225
384855625	-0.0722	-0.0547	0.5254	0.0207	0.0274	0.9994	-0.0043	0.9996	-0.0273	-0.9998	-0.0037	0.0208
384855750	-0.0719	-0.0543	0.5273	0.0204	0.0250	0.9995	-0.0075	0.9997	-0.0248	-0.9998	-0.0070	0.0206
384855875	-0.0713	-0.0508	0.5260	0.0221	0.0233	0.9995	-0.0078	0.9997	-0.0231	-0.9997	-0.0073	0.0222
384856000	-0.0709	-0.0544	0.5266	0.0226	0.0231	0.9995	-0.0068	0.9997	-0.0230	-0.9997	-0.0063	0.0227
384856125	-0.0714	-0.0537	0.5259	0.0247	0.0249	0.9994	-0.0083	0.9997	-0.0247	-0.9997	-0.0077	0.0249
384856250	-0.0715	-0.0529	0.5264	0.0248	0.0255	0.9994	-0.0086	0.9996	-0.0253	-0.9997	-0.0080	0.0250
384856375	-0.0713	-0.0559	0.5262	0.0254	0.0249	0.9994	-0.0067	0.9997	-0.0248	-0.9997	-0.0061	0.0256
384856500	-0.0719	-0.0602	0.5270	0.0243	0.0253	0.9994	-0.0033	0.9997	-0.0252	-0.9997	-0.0027	0.0244
384856625	-0.0715	-0.0605	0.5273	0.0221	0.0290	0.9993	-0.0023	0.9996	-0.0289	-0.9998	-0.0017	0.0222
384856750	-0.0712	-0.0581	0.5243	0.0257	0.0305	0.9992	-0.0034	0.9995	-0.0304	-0.9997	-0.0026	0.0258
384856875	-0.0708	-0.0576	0.5241	0.0258	0.0304	0.9992	-0.0033	0.9995	-0.0303	-0.9997	-0.0025	0.0259
384857000	-0.0706	-0.0573	0.5265	0.0228	0.0304	0.9993	-0.0023	0.9995	-0.0303	-0.9997	-0.0016	0.0229
384857125	-0.0711	-0.0541	0.5222	0.0275	0.0314	0.9991	-0.0056	0.9995	-0.0313	-0.9996	-0.0048	0.0277
384857250	-0.0712	-0.0559	0.5229	0.0266	0.0280	0.9993	-0.0073	0.9996	-0.0278	-0.9996	-0.0066	0.0268
384857375	-0.0709	-0.0553	0.5222	0.0274	0.0280	0.9992	-0.0065	0.9996	-0.0278	-0.9996	-0.0058	0.0275
384857500	-0.0713	-0.0549	0.5228	0.0270	0.0290	0.9992	-0.0065	0.9996	-0.0288	-0.9996	-0.0057	0.0272
384857625	-0.0710	-0.0553	0.5234	0.0277	0.0323	0.9991	-0.0074	0.9995	-0.0321	-0.9996	-0.0065	0.0279
384857750	-0.0704	-0.0525	0.5236	0.0283	0.0314	0.9991	-0.0094	0.9995	-0.0312	-0.9996	-0.0085	0.0286
384857875	-0.0707	-0.0523	0.5238	0.0272	0.0333	0.9991	-0.0073	0.9994	-0.0331	-0.9996	-0.0064	0.0274
384858000	-0.0713	-0.0539	0.5242	0.0268	0.0305	0.9992	-0.0052	0.9995	-0.0304	-0.9996	-0.0043	0.0270
384858125	-0.0712	-0.0530	0.5226	0.0269	0.0289	0.9992	-0.0035	0.9996	-0.0288	-0.9996	-0.0028	0.0270
384858250	-0.0714	-0.0562	0.5261	0.0248	0.0277	0.9993	-0.0042	0.9996	-0.0276	-0.9997	-0.0035	0.0249
384858375	-0.0720	-0.0556	0.5245	0.0271	0.0295	0.9992	-0.0075	0.9995	-0.0293	-0.9996	-0.0067	0.0273
384858500	-0.0726	-0.0547	0.5250	0.0282	0.0281	0.9992	-0.0089	0.9996	-0.0278	-0.9996	-0.0081	0.0285
384858625	-0.0718	-0.0551	0.5241	0.0287	0.0276	0.9992	-0.0078	0.9996	-0.0274	-0.9996	-0.0070	0.0289
384858750	-0.0726	-0.0544	0.5248	0.0284	0.0304	0.9991	-0.0076	0.9995	-0.0302	-0.9996	-0.0067	0.0286
384858875	-0.0722	-0.0555	0.5229	0.0292	0.0294	0.9991	-0.0061	0.9996	-0.0292	-0.9996	-0.0052	0.0293
384859000	-0.0722	-0.0558	0.5241	0.0277	0.0292	0.9992	-0.0044	0.9996	-0.0291	-0.9996	-0.0036	0.0278
384859125	-0.0723	-0.0551	0.5234	0.0280	0.0292	0.9992	-0.0054	0.9996	-0.0291	-0.9996	-0.0045	0.0282
384859250	-0.0717	-0.0535	0.5214	0.0288	0.0283	0.9992	-0.0067	0.9996	-0.0281	-0.9996	-0.0059	0.0290
384859375	-0.0722	-0.0530	0.5225	0.0288	0.0291	0.9992	-0.0061	0.9996	-0.0289	-0.9996	-0.0053	0.0290
384859500	-0.0714	-0.0529	0.5231	0.0275	0.0304	0.9992	-0.0058	0.9995	-0.0302	-0.9996	-0.0049	0.0276
384859625	-0.0712	-0.0526	0.5228	0.0272	0.0287	0.9992	-0.0050	0.9996	-0.0286	-0.9996	-0.0042	0.0273
384859750	-0.0715	-0.0490	0.5228	0.0271	0.0269	0.9993	-0.0087	0.9996	-0.0267	-0.9996	-0.0079	0.0273
384859875	-0.0716	-0.0462	0.5234	0.0276	0.0298	0.9992	-0.0108	0.9995	-0.0295	-0.9996	-0.0100	0.0279
384860000	-0.0708	-0.0481	0.5231	0.0267	0.0315	0.9991	-0.0108	0.9995	-0.0312	-0.9996	-0.0100	0.0271
384860125	-0.0708	-0.0514	0.5264	0.0285	0.0306	0.9991	-0.0083	0.9995	-0.0303	-0.9996	-0.0074	0.0288
384860250	-0.0696	-0.0533	0.5248	0.0276	0.0329	0.9991	-0.0077	0.9994	-0.0327	-0.9996	-0.0068	0.0278
384860375	-0.0699	-0.0525	0.5252	0.0283	0.0318	0.9991	-0.0089	0.9995	-0.0316	-0.9996	-0.0080	0.0286
384860500	-0.0695	-0.0543	0.5239	0.0282	0.0327	0.9991	-0.0067	0.9994	-0.0325	-0.9996	-0.0057	0.0284
384860625	-0.0707	-0.0549	0.5242	0.0293	0.0322	0.9991	-0.0077	0.9995	-0.0320	-0.9995	-0.0067	0.0295
384860750	-0.0703	-0.0542	0.5254	0.0258	0.0321	0.9991	-0.0077	0.9995	-0.0320	-0.9996	-0.0069	0.0261
384860875	-0.0708	-0.0534	0.5254	0.0266	0.0325	0.9991	-0.0083	0.9994	-0.0323	-0.9996	-0.0075	0.0269
384861000	-0.0698	-0.0515	0.5250	0.0268	0.0314	0.9991	-0.0090	0.9995	-0.0312	-0.9996	-0.0081	0.0271
384861125	-0.0707	-0.0538	0.5247	0.0259	0.0316	0.9992	-0.0074	0.9995	-0.0314	-0.9996	-0.0066	0.0261
384861250	-0.0700	-0.0501	0.5246	0.0274	0.0316	0.9991	-0.0104	0.9995	-0.0313	-0.9996	-0.0095	0.0277
384861375	-0.0699	-0.0520	0.5274	0.0266	0.0319	0.9991	-0.0074	0.9995	-0.0317	-0.9996	-0.0066	0.0269
384861500	-0.0699	-0.0507	0.5269	0.0267	0.0328	0.9991	-0.0068	0.9994	-0.0327	-0.9996	-0.0059	0.0269
384861625	-0.0705	-0.0507	0.5278	0.0263	0.0319	0.9991	-0.0070	0.9995	-0.0318	-0.9996	-0.0061	0.0265
384861750	-0.0699	-0.0519	0.5281	0.0255	0.0323	0.9992	-0.0044	0.9995	-0.0322	-0.9997	-0.0035	0.0257
384861875	-0.0702	-0.0502	0.5280	0.0261	0.0321	0.9991	-0.0063	0.9995	-0.0320	-0.9996	-0.0054	0.0263
384862000	-0.0704	-0.0503	0.5293	0.0260	0.0311	0.9992	-0.0071	0.9995	-0.0309	-0.9996	-0.0063	0.0262
384862125	-0.0697	-0.0507	0.5282	0.0262	0.0332	0.9991	-0.0071	0.9994	-0.0330	-0.9996	-0.0062	0.0264
384862250	-0.0700	-0.0500	0.5279	0.0266	0.0317	0.9991	-0.0087	0.9995	-0.0315	-0.9996	-0.0078	0.0269
384862375	-0.0705	-0.0503	0.5267	0.0266	0.0307	0.9992	-0.0089	0.9995	-0.0305	-0.9996	-0.0081	0.0269
384862500	-0.0706	-0.0497	0.5279	0.0266	0.0300	0.9992	-0.0088	0.9995	-0.0298	-0.9996	-0.0080	0.0268
384862625	-0.0703	-0.0509	0.5271	0.0269	0.0312	0.9992	-0.0071	0.9995	-0.0310	-0.9996	-0.0063	0.0271
384862750	-0.0698	-0.0504	0.5278	0.0269	0.0328	0.9991	-0.0087	0.9994	-0.0326	-0.9996	-0.0078	0.0272
384862875	-0.0699	-0.0503	0.5280	0.0278	0.0332	0.9991	-0.0085	0.9994	-0.0330	-0.9996	-0.0076	0.0281
384863000	-0.0703	-0.0514	0.5292	0.0268	0.0327	0.9991	-0.0079	0.9994	-0.0325	-0.9996	-0.0070	0.0270
384863125	-0.0696	-0.0522	0.5294	0.0276	0.0306	0.9992	-0.0076	0.9995	-0.0304	-0.9996	-0.0067	0.0278
384863250	-0.0700	-0.0531	0.5290	0.0283	0.0327	0.9991	-0.0071	0.9994	-0.0326	-0.9996	-0.0062	0.0286
384863375	-0.0706	-0.0533	0.5291	0.0279	0.0307	0.9991	-0.0068	0.9995	-0.0306	-0.9996	-0.0059	0.0281
384863500	-0.0696	-0.0536	0.5303	0.0272	0.0308	0.9992	-0.0070	0.9995	-0.0306	-0.9996	-0.0062	0.0274
384863625	-0.0706	-0.0528	0.5304	0.0267	0.0310	0.9992	-0.0079	0.9995	-0.0308	-0.9996	-0.0071	0.0269
384863750	-0.0708	-0.0518	0.5301	0.0283	0.0312	0.9991	-0.0104	0.9995	-0.0309	-0.9995	-0.0095	0.0287
384863875	-0.0703	-0.0517	0.5292	0.0289	0.0313	0.9991	-0.0105	0.9995	-0.0310	-0.9995	-0.0096	0.0292
384864000	-0.0706	-0.0509	0.5298	0.0281	0.0319	0.9991	-0.0108	0.9994	-0.0316	-0.9995	-0.0099	0.0285
384864125	-0.0704	-0.0483	0.5300	0.0291	0.0303	0.9991	-0.0131	0.9995	-0.0300	-0.9995	-0.0123	0.0295
384864250	-0.0707	-0.0493	0.5283	0.0305	0.0300	0.9991	-0.0142	0.9995	-0.0295	-0.9994	-0.0133	0.0310
384864375	-0.0706	-0.0507	0.5305	0.0280	0.0309	0.9991	-0.0114	0.9995	-0.0306	-0.9995	-0.0105	0.0283
384864500	-0.0710	-0.0530	0.5279	0.0306	0.0304	0.9991	-0.0075	0.9995	-0.0302	-0.9995	-0.0066	0.0308
384864625	-0.0716	-0.0540	0.5279	0.0306	0.0331	0.9990	-0.0050	0.9994	-0.0330	-0.9995	-0.0039	0.0307
384864750	-0.0717	-0.0531	0.5275	0.0305	0.0310	0.9991	-0.0070	0.9995	-0.0308	-0.9995	-0.0061	0.0307
384864875	-0.0719	-0.0531	0.5286	0.0287	0.0303	0.9991	-0.0090	0.9995	-0.0301	-0.9995	-0.0082	0.0290
384865000	-0.0711	-0.0535	0.5289	0.0266	0.0305	0.9992	-0.0070	0.9995	-0.0303	-0.9996	-0.0061	0.0268
