META	HEADER	GNSS location/orientation script
META	VERSION	1.0.0
META	FORMAT	ASCII
META	CONTENT	DEFAULT
META	END
iTOW	Origin_X	Origin_Y	Origin_Z	Basis_XX	Basis_XY	Basis_XZ	Basis_YX	Basis_YY	Basis_YZ	Basis_ZX	Basis_ZY	Basis_ZZ
384433000	2.3176	0.0625	0.6297	-0.0046	-0.0164	-0.9999	-0.0254	0.9995	-0.0163	0.9997	0.0254	-0.0051
384433125	2.3181	0.0626	0.6305	-0.0046	-0.0149	-0.9999	-0.0250	0.9996	-0.0148	0.9997	0.0250	-0.0050
384433250	2.3183	0.0652	0.6277	-0.0030	-0.0144	-0.9999	-0.0253	0.9996	-0.0143	0.9997	0.0252	-0.0033
384433375	2.3176	0.0625	0.6286	-0.0037	-0.0147	-0.9999	-0.0257	0.9996	-0.0146	0.9997	0.0256	-0.0040
384433500	2.3176	0.0616	0.6273	-0.0035	-0.0147	-0.9999	-0.0265	0.9995	-0.0146	0.9996	0.0264	-0.0039
384433625	2.3167	0.0613	0.6271	-0.0029	-0.0134	-0.9999	-0.0255	0.9996	-0.0133	0.9997	0.0254	-0.0032
384433750	2.3170	0.0615	0.6266	-0.0028	-0.0157	-0.9999	-0.0274	0.9995	-0.0156	0.9996	0.0273	-0.0032
384433875	2.3169	0.0607	0.6275	-0.0020	-0.0138	-0.9999	-0.0278	0.9995	-0.0137	0.9996	0.0278	-0.0024
384434000	2.3171	0.0617	0.6266	-0.0015	-0.0151	-0.9999	-0.0264	0.9995	-0.0151	0.9997	0.0263	-0.0019
384434125	2.3171	0.0595	0.6261	-0.0026	-0.0153	-0.9999	-0.0285	0.9995	-0.0152	0.9996	0.0285	-0.0031
384434250	2.3173	0.0599	0.6250	-0.0020	-0.0146	-0.9999	-0.0278	0.9995	-0.0145	0.9996	0.0277	-0.0024
384434375	2.3180	0.0578	0.6252	-0.0037	-0.0171	-0.9998	-0.0295	0.9994	-0.0170	0.9996	0.0295	-0.0042
384434500	2.3173	0.0571	0.6251	-0.0034	-0.0163	-0.9999	-0.0283	0.9995	-0.0162	0.9996	0.0282	-0.0039
384434625	2.3175	0.0570	0.6250	-0.0036	-0.0171	-0.9998	-0.0295	0.9994	-0.0170	0.9996	0.0294	-0.0041
384434750	2.3175	0.0583	0.6261	-0.0020	-0.0148	-0.9999	-0.0278	0.9995	-0.0147	0.9996	0.0278	-0.0025
384434875	2.3177	0.0600	0.6249	-0.0024	-0.0143	-0.9999	-0.0265	0.9995	-0.0142	0.9996	0.0265	-0.0027
384435000	2.3179	0.0572	0.6273	-0.0028	-0.0147	-0.9999	-0.0278	0.9995	-0.0146	0.9996	0.0277	-0.0032
384435125	2.3177	0.0583	0.6247	-0.0023	-0.0116	-0.9999	-0.0270	0.9996	-0.0115	0.9996	0.0270	-0.0026
384435250	2.3181	0.0591	0.6263	-0.0038	-0.0142	-0.9999	-0.0252	0.9996	-0.0141	0.9997	0.0252	-0.0042
384435375	2.3181	0.0562	0.6260	-0.0043	-0.0140	-0.9999	-0.0275	0.9995	-0.0139	0.9996	0.0275	-0.0047
384435500	2.3178	0.0543	0.6267	-0.0041	-0.0165	-0.9999	-0.0288	0.9995	-0.0163	0.9996	0.0287	-0.0045
384435625	2.3174	0.0576	0.6253	-0.0036	-0.0152	-0.9999	-0.0274	0.9995	-0.0151	0.9996	0.0274	-0.0040
384435750	2.3184	0.0565	0.6283	-0.0042	-0.0142	-0.9999	-0.0291	0.9995	-0.0140	0.9996	0.0290	-0.0046
384435875	2.3174	0.0601	0.6291	-0.0048	-0.0141	-0.9999	-0.0270	0.9995	-0.0140	0.9996	0.0269	-0.0052
384436000	2.3176	0.0616	0.6287	-0.0049	-0.0155	-0.9999	-0.0270	0.9995	-0.0153	0.9996	0.0269	-0.0053
384436125	2.3173	0.0612	0.6278	-0.0044	-0.0140	-0.9999	-0.0266	0.9995	-0.0139	0.9996	0.0266	-0.0048
384436250	2.3173	0.0618	0.6290	-0.0053	-0.0133	-0.9999	-0.0269	0.9996	-0.0132	0.9996	0.0268	-0.0056
384436375	2.3170	0.0597	0.6291	-0.0058	-0.0133	-0.9999	-0.0270	0.9995	-0.0131	0.9996	0.0269	-0.0062
384436500	2.3170	0.0594	0.6276	-0.0044	-0.0143	-0.9999	-0.0274	0.9995	-0.0141	0.9996	0.0273	-0.0048
384436625	2.3171	0.0602	0.6276	-0.0048	-0.0157	-0.9999	-0.0260	0.9995	-0.0156	0.9997	0.0259	-0.0052
384436750	2.3176	0.0556	0.6265	-0.0046	-0.0141	-0.9999	-0.0297	0.9995	-0.0139	0.9995	0.0296	-0.0050
384436875	2.3164	0.0584	0.6278	-0.0037	-0.0166	-0.9999	-0.0272	0.9995	-0.0165	0.9996	0.0272	-0.0041
384437000	2.3172	0.0543	0.6296	-0.0038	-0.0144	-0.9999	-0.0286	0.9995	-0.0143	0.9996	0.0286	-0.0042
384437125	2.3162	0.0559	0.6288	-0.0031	-0.0152	-0.9999	-0.0284	0.9995	-0.0152	0.9996	0.0283	-0.0036
384437250	2.3163	0.0558	0.6287	-0.0029	-0.0157	-0.9999	-0.0281	0.9995	-0.0156	0.9996	0.0280	-0.0033
384437375	2.3167	0.0515	0.6287	-0.0027	-0.0179	-0.9998	-0.0308	0.9994	-0.0178	0.9995	0.0307	-0.0032
384437500	2.3163	0.0543	0.6291	-0.0028	-0.0159	-0.9999	-0.0284	0.9995	-0.0158	0.9996	0.0284	-0.0032
384437625	2.3163	0.0534	0.6303	-0.0026	-0.0157	-0.9999	-0.0298	0.9994	-0.0156	0.9996	0.0298	-0.0031
384437750	2.3170	0.0583	0.6278	-0.0044	-0.0160	-0.9999	-0.0273	0.9995	-0.0159	0.9996	0.0272	-0.0049
384437875	2.3181	0.0564	0.6305	-0.0012	-0.0163	-0.9999	-0.0287	0.9995	-0.0163	0.9996	0.0287	-0.0017
384438000	2.3168	0.0597	0.6286	-0.0022	-0.0098	-0.9999	-0.0252	0.9996	-0.0098	0.9997	0.0252	-0.0024
384438125	2.3156	0.0612	0.6317	-0.0012	-0.0097	-1.0000	-0.0253	0.9996	-0.0096	0.9997	0.0253	-0.0014
384438250	2.3160	0.0678	0.6282	-0.0022	-0.0052	-1.0000	-0.0194	0.9998	-0.0051	0.9998	0.0194	-0.0023
384438375	2.3196	0.0503	0.6213	-0.0037	-0.0193	-0.9998	-0.0295	0.9994	-0.0192	0.9996	0.0294	-0.0043
384438500	2.3144	0.0518	0.6315	-0.0028	-0.0226	-0.9997	-0.0291	0.9993	-0.0225	0.9996	0.0291	-0.0034
384438625	2.3194	0.0496	0.6239	-0.0031	-0.0180	-0.9998	-0.0308	0.9994	-0.0179	0.9995	0.0308	-0.0036
384438750	2.3176	0.0501	0.6235	-0.0076	-0.0213	-0.9997	-0.0340	0.9992	-0.0210	0.9994	0.0338	-0.0083
384438875	2.3192	0.0541	0.6204	-0.0056	-0.0196	-0.9998	-0.0352	0.9992	-0.0194	0.9994	0.0351	-0.0062
384439000	2.3187	0.0546	0.6222	-0.0065	-0.0157	-0.9999	-0.0339	0.9993	-0.0155	0.9994	0.0338	-0.0070
384439125	2.3194	0.0585	0.6231	-0.0090	-0.0139	-0.9999	-0.0343	0.9993	-0.0136	0.9994	0.0342	-0.0095
384439250	2.3201	0.0575	0.6196	-0.0078	-0.0142	-0.9999	-0.0346	0.9993	-0.0139	0.9994	0.0345	-0.0083
384439375	2.3209	0.0578	0.6197	-0.0069	-0.0182	-0.9998	-0.0388	0.9991	-0.0180	0.9992	0.0387	-0.0076
384439500	2.3217	0.0564	0.6208	-0.0093	-0.0194	-0.9998	-0.0382	0.9991	-0.0190	0.9992	0.0380	-0.0100
384439625	2.3224	0.0577	0.6206	-0.0093	-0.0152	-0.9998	-0.0383	0.9992	-0.0149	0.9992	0.0381	-0.0099
384439750	2.3216	0.0599	0.6251	-0.0093	-0.0156	-0.9998	-0.0368	0.9992	-0.0153	0.9993	0.0367	-0.0099
384439875	2.3215	0.0618	0.6261	-0.0090	-0.0154	-0.9998	-0.0353	0.9993	-0.0151	0.9993	0.0351	-0.0095
384440000	2.3205	0.0613	0.6263	-0.0086	-0.0162	-0.9998	-0.0344	0.9993	-0.0158	0.9994	0.0343	-0.0091
384440125	2.3206	0.0607	0.6266	-0.0076	-0.0142	-0.9999	-0.0347	0.9993	-0.0139	0.9994	0.0346	-0.0081
384440250	2.3201	0.0598	0.6264	-0.0071	-0.0157	-0.9999	-0.0340	0.9993	-0.0154	0.9994	0.0338	-0.0077
384440375	2.3208	0.0584	0.6261	-0.0071	-0.0140	-0.9999	-0.0368	0.9992	-0.0137	0.9993	0.0367	-0.0076
384440500	2.3203	0.0571	0.6266	-0.0074	-0.0152	-0.9999	-0.0358	0.9992	-0.0150	0.9993	0.0357	-0.0080
384440625	2.3205	0.0580	0.6262	-0.0073	-0.0145	-0.9999	-0.0355	0.9993	-0.0143	0.9993	0.0354	-0.0078
384440750	2.3206	0.0583	0.6267	-0.0071	-0.0153	-0.9999	-0.0352	0.9993	-0.0151	0.9994	0.0351	-0.0076
384440875	2.3208	0.0577	0.6271	-0.0074	-0.0157	-0.9998	-0.0351	0.9993	-0.0155	0.9994	0.0350	-0.0079
384441000	2.3212	0.0560	0.6277	-0.0074	-0.0168	-0.9998	-0.0359	0.9992	-0.0165	0.9993	0.0357	-0.0080
384441125	2.3196	0.0591	0.6237	-0.0068	-0.0157	-0.9999	-0.0346	0.9993	-0.0154	0.9994	0.0345	-0.0074
384441250	2.3193	0.0579	0.6249	-0.0073	-0.0150	-0.9999	-0.0360	0.9992	-0.0148	0.9993	0.0359	-0.0078
384441375	2.3188	0.0579	0.6223	-0.0072	-0.0155	-0.9999	-0.0357	0.9992	-0.0152	0.9993	0.0356	-0.0077
384441500	2.3189	0.0573	0.6238	-0.0079	-0.0152	-0.9999	-0.0355	0.9993	-0.0149	0.9993	0.0354	-0.0084
384441625	2.3184	0.0582	0.6224	-0.0066	-0.0162	-0.9998	-0.0355	0.9992	-0.0160	0.9993	0.0354	-0.0072
384441750	2.3182	0.0597	0.6233	-0.0073	-0.0147	-0.9999	-0.0346	0.9993	-0.0144	0.9994	0.0345	-0.0078
384441875	2.3188	0.0594	0.6230	-0.0073	-0.0150	-0.9999	-0.0355	0.9993	-0.0147	0.9993	0.0354	-0.0078
384442000	2.3185	0.0599	0.6237	-0.0083	-0.0147	-0.9999	-0.0351	0.9993	-0.0144	0.9993	0.0350	-0.0088
384442125	2.3191	0.0607	0.6221	-0.0069	-0.0157	-0.9999	-0.0357	0.9992	-0.0154	0.9993	0.0356	-0.0075
384442250	2.3190	0.0625	0.6229	-0.0073	-0.0154	-0.9999	-0.0346	0.9993	-0.0151	0.9994	0.0345	-0.0078
384442375	2.3186	0.0626	0.6217	-0.0062	-0.0142	-0.9999	-0.0351	0.9993	-0.0140	0.9994	0.0350	-0.0067
384442500	2.3185	0.0634	0.6239	-0.0063	-0.0149	-0.9999	-0.0350	0.9993	-0.0146	0.9994	0.0349	-0.0068
384442625	2.3183	0.0633	0.6227	-0.0066	-0.0151	-0.9999	-0.0339	0.9993	-0.0148	0.9994	0.0338	-0.0071
384442750	2.3188	0.0630	0.6213	-0.0060	-0.0143	-0.9999	-0.0348	0.9993	-0.0141	0.9994	0.0347	-0.0065
384442875	2.3200	0.0635	0.6231	-0.0074	-0.0140	-0.9999	-0.0356	0.9993	-0.0137	0.9993	0.0355	-0.0079
384443000	2.3192	0.0644	0.6227	-0.0066	-0.0135	-0.9999	-0.0351	0.9993	-0.0132	0.9994	0.0350	-0.0071
384443125	2.3198	0.0632	0.6219	-0.0068	-0.0152	-0.9999	-0.0352	0.9993	-0.0149	0.9994	0.0351	-0.0073
384443250	2.3193	0.0614	0.6231	-0.0064	-0.0153	-0.9999	-0.0345	0.9993	-0.0151	0.9994	0.0344	-0.0069
384443375	2.3186	0.0599	0.6220	-0.0073	-0.0159	-0.9998	-0.0358	0.9992	-0.0156	0.9993	0.0357	-0.0078
384443500	2.3195	0.0597	0.6218	-0.0071	-0.0165	-0.9998	-0.0354	0.9992	-0.0163	0.9993	0.0353	-0.0077
384443625	2.3197	0.0582	0.6213	-0.0068	-0.0162	-0.9998	-0.0368	0.9992	-0.0160	0.9993	0.0367	-0.0074
384443750	2.3196	0.0594	0.6217	-0.0074	-0.0161	-0.9998	-0.0359	0.9992	-0.0158	0.9993	0.0358	-0.0080
384443875	2.3199	0.0603	0.6205	-0.0076	-0.0160	-0.9998	-0.0350	0.9993	-0.0157	0.9994	0.0349	-0.0082
384444000	2.3185	0.0597	0.6209	-0.0074	-0.0165	-0.9998	-0.0344	0.9993	-0.0162	0.9994	0.0342	-0.0080
384444125	2.3192	0.0608	0.6195	-0.0073	-0.0153	-0.9999	-0.0336	0.9993	-0.0151	0.9994	0.0335	-0.0078
384444250	2.3188	0.0611	0.6213	-0.0077	-0.0164	-0.9998	-0.0338	0.9993	-0.0161	0.9994	0.0337	-0.0083
384444375	2.3180	0.0644	0.6221	-0.0074	-0.0163	-0.9998	-0.0334	0.9993	-0.0160	0.9994	0.0332	-0.0080
384444500	2.3187	0.0619	0.6224	-0.0074	-0.0161	-0.9998	-0.0345	0.9993	-0.0158	0.9994	0.0344	-0.0080
384444625	2.3188	0.0638	0.6225	-0.0072	-0.0140	-0.9999	-0.0337	0.9993	-0.0138	0.9994	0.0336	-0.0077
384444750	2.3186	0.0651	0.6212	-0.0075	-0.0142	-0.9999	-0.0326	0.9994	-0.0139	0.9994	0.0325	-0.0080
384444875	2.3186	0.0638	0.6227	-0.0082	-0.0140	-0.9999	-0.0336	0.9993	-0.0137	0.9994	0.0334	-0.0087
384445000	2.3180	0.0642	0.6208	-0.0082	-0.0154	-0.9998	-0.0323	0.9994	-0.0151	0.9994	0.0322	-0.0087
384445125	2.3188	0.0635	0.6201	-0.0070	-0.0142	-0.9999	-0.0341	0.9993	-0.0139	0.9994	0.0340	-0.0075
384445250	2.3183	0.0636	0.6215	-0.0077	-0.0156	-0.9998	-0.0335	0.9993	-0.0153	0.9994	0.0334	-0.0082
384445375	2.3187	0.0605	0.6231	-0.0072	-0.0151	-0.9999	-0.0339	0.9993	-0.0148	0.9994	0.0338	-0.0077
384445500	2.3185	0.0611	0.6238	-0.0089	-0.0139	-0.9999	-0.0337	0.9993	-0.0136	0.9994	0.0336	-0.0093
384445625	2.3179	0.0584	0.6244	-0.0075	-0.0158	-0.9998	-0.0352	0.9993	-0.0155	0.9994	0.0351	-0.0081
384445750	2.3187	0.0595	0.6241	-0.0094	-0.0135	-0.9999	-0.0354	0.9993	-0.0131	0.9993	0.0353	-0.0099
384445875	2.3174	0.0611	0.6240	-0.0065	-0.0141	-0.9999	-0.0333	0.9993	-0.0139	0.9994	0.0332	-0.0070
384446000	2.3186	0.0619	0.6239	-0.0082	-0.0138	-0.9999	-0.0333	0.9994	-0.0135	0.9994	0.0332	-0.0087
384446125	2.3184	0.0616	0.6223	-0.0075	-0.0144	-0.9999	-0.0336	0.9993	-0.0141	0.9994	0.0335	-0.0080
384446250	2.3188	0.0597	0.6235	-0.0082	-0.0166	-0.9998	-0.0341	0.9993	-0.0163	0.9994	0.0340	-0.0087
384446375	2.3193	0.0618	0.6206	-0.0061	-0.0165	-0.9998	-0.0335	0.9993	-0.0163	0.9994	0.0334	-0.0067
384446500	2.3194	0.0619	0.6221	-0.0072	-0.0167	-0.9998	-0.0335	0.9993	-0.0164	0.9994	0.0334	-0.0078
384446625	2.3197	0.0633	0.6227	-0.0073	-0.0151	-0.9999	-0.0322	0.9994	-0.0148	0.9995	0.0321	-0.0078
384446750	2.3194	0.0606	0.6233	-0.0065	-0.0134	-0.9999	-0.0334	0.9994	-0.0132	0.9994	0.0333	-0.0069
384446875	2.3181	0.0622	0.6232	-0.0068	-0.0157	-0.9999	-0.0327	0.9993	-0.0155	0.9994	0.0326	-0.0073
384447000	2.3194	0.0619	0.6225	-0.0071	-0.0150	-0.9999	-0.0336	0.9993	-0.0148	0.9994	0.0335	-0.0076
384447125	2.3189	0.0607	0.6219	-0.0069	-0.0137	-0.9999	-0.0338	0.9993	-0.0135	0.9994	0.0337	-0.0074
384447250	2.3188	0.0604	0.6213	-0.0071	-0.0134	-0.9999	-0.0343	0.9993	-0.0132	0.9994	0.0342	-0.0076
384447375	2.3186	0.0580	0.6211	-0.0067	-0.0138	-0.9999	-0.0348	0.9993	-0.0135	0.9994	0.0348	-0.0072
384447500	2.3185	0.0575	0.6209	-0.0069	-0.0158	-0.9999	-0.0358	0.9992	-0.0155	0.9993	0.0357	-0.0075
384447625	2.3179	0.0569	0.6223	-0.0065	-0.0157	-0.9999	-0.0353	0.9993	-0.0154	0.9994	0.0352	-0.0071
384447750	2.3179	0.0568	0.6223	-0.0069	-0.0149	-0.9999	-0.0351	0.9993	-0.0146	0.9994	0.0350	-0.0075
384447875	2.3181	0.0577	0.6215	-0.0063	-0.0149	-0.9999	-0.0357	0.9993	-0.0147	0.9993	0.0356	-0.0068
384448000	2.3181	0.0570	0.6216	-0.0060	-0.0163	-0.9998	-0.0364	0.9992	-0.0161	0.9993	0.0363	-0.0066
384448125	2.3176	0.0570	0.6209	-0.0075	-0.0159	-0.9998	-0.0357	0.9992	-0.0156	0.9993	0.0356	-0.0081
384448250	2.3173	0.0555	0.6216	-0.0081	-0.0163	-0.9998	-0.0367	0.9992	-0.0160	0.9993	0.0366	-0.0087
384448375	2.3167	0.0587	0.6226	-0.0078	-0.0169	-0.9998	-0.0370	0.9992	-0.0166	0.9993	0.0368	-0.0084
384448500	2.3162	0.0610	0.6238	-0.0073	-0.0154	-0.9999	-0.0356	0.9993	-0.0152	0.9993	0.0355	-0.0078
384448625	2.3165	0.0585	0.6256	-0.0088	-0.0174	-0.9998	-0.0362	0.9992	-0.0170	0.9993	0.0361	-0.0094
384448750	2.3173	0.0595	0.6241	-0.0064	-0.0140	-0.9999	-0.0353	0.9993	-0.0137	0.9994	0.0352	-0.0069
384448875	2.3163	0.0614	0.6238	-0.0049	-0.0153	-0.9999	-0.0355	0.9993	-0.0151	0.9994	0.0354	-0.0054
384449000	2.3175	0.0610	0.6252	-0.0066	-0.0142	-0.9999	-0.0367	0.9992	-0.0139	0.9993	0.0366	-0.0071
384449125	2.3173	0.0613	0.6270	-0.0074	-0.0157	-0.9998	-0.0360	0.9992	-0.0154	0.9993	0.0358	-0.0079
384449250	2.3174	0.0600	0.6283	-0.0085	-0.0149	-0.9999	-0.0376	0.9992	-0.0145	0.9993	0.0375	-0.0091
384449375	2.3174	0.0604	0.6271	-0.0074	-0.0152	-0.9999	-0.0375	0.9992	-0.0149	0.9993	0.0373	-0.0079
384449500	2.3182	0.0599	0.6281	-0.0081	-0.0158	-0.9998	-0.0363	0.9992	-0.0155	0.9993	0.0362	-0.0087
384449625	2.3180	0.0594	0.6266	-0.0068	-0.0153	-0.9999	-0.0350	0.9993	-0.0150	0.9994	0.0349	-0.0074
384449750	2.3172	0.0579	0.6303	-0.0086	-0.0169	-0.9998	-0.0339	0.9993	-0.0166	0.9994	0.0338	-0.0092
384449875	2.3177	0.0583	0.6287	-0.0080	-0.0178	-0.9998	-0.0351	0.9992	-0.0175	0.9994	0.0349	-0.0086
384450000	2.3179	0.0577	0.6279	-0.0075	-0.0192	-0.9998	-0.0356	0.9992	-0.0189	0.9993	0.0355	-0.0081
384450125	2.3159	0.0567	0.6274	-0.0080	-0.0183	-0.9998	-0.0567	0.9982	-0.0178	0.9984	0.0566	-0.0091
384450250	2.3149	0.0565	0.6248	-0.0057	-0.0199	-0.9998	-0.0689	0.9974	-0.0195	0.9976	0.0687	-0.0070
384450375	2.3181	0.0575	0.6246	-0.0086	-0.0200	-0.9998	-0.0609	0.9980	-0.0194	0.9981	0.0607	-0.0098
384450500	2.3244	0.0609	0.6243	-0.0121	-0.0266	-0.9996	-0.0495	0.9984	-0.0260	0.9987	0.0491	-0.0134
384450625	2.3343	0.0667	0.6244	-0.0164	-0.0213	-0.9996	-0.0427	0.9989	-0.0206	0.9990	0.0424	-0.0173
384450750	2.3471	0.0663	0.6251	-0.0170	-0.0122	-0.9998	-0.0520	0.9986	-0.0113	0.9985	0.0518	-0.0177
384450875	2.3663	0.0619	0.6239	-0.0149	-0.0190	-0.9997	-0.0654	0.9977	-0.0180	0.9977	0.0651	-0.0161
384451000	2.3834	0.0618	0.6247	-0.0182	-0.0164	-0.9997	-0.0669	0.9976	-0.0152	0.9976	0.0666	-0.0192
384451125	2.3917	0.0679	0.6187	-0.0203	-0.0121	-0.9997	-0.0540	0.9985	-0.0110	0.9983	0.0538	-0.0209
384451250	2.4026	0.0733	0.6144	-0.0222	-0.0186	-0.9996	-0.0457	0.9988	-0.0176	0.9987	0.0452	-0.0231
384451375	2.4200	0.0769	0.6171	-0.0314	-0.0223	-0.9993	-0.0434	0.9988	-0.0209	0.9986	0.0427	-0.0324
384451500	2.4269	0.0680	0.6152	-0.0365	-0.0153	-0.9992	-0.0490	0.9987	-0.0135	0.9981	0.0485	-0.0372
384451625	2.4229	0.0666	0.6138	-0.0417	-0.0197	-0.9989	-0.0414	0.9990	-0.0180	0.9983	0.0406	-0.0425
384451750	2.4263	0.0694	0.6145	-0.0439	-0.0259	-0.9987	-0.0298	0.9993	-0.0246	0.9986	0.0287	-0.0446
384451875	2.4250	0.0700	0.6151	-0.0426	-0.0255	-0.9988	-0.0347	0.9991	-0.0240	0.9985	0.0337	-0.0435
384452000	2.4248	0.0704	0.6137	-0.0425	-0.0267	-0.9987	-0.0327	0.9991	-0.0254	0.9986	0.0316	-0.0433
384452125	2.4249	0.0711	0.6140	-0.0423	-0.0248	-0.9988	-0.0338	0.9992	-0.0234	0.9985	0.0327	-0.0431
384452250	2.4248	0.0705	0.6149	-0.0427	-0.0288	-0.9987	-0.0346	0.9990	-0.0273	0.9985	0.0334	-0.0436
384452375	2.4254	0.0709	0.6126	-0.0410	-0.0315	-0.9987	-0.0353	0.9989	-0.0301	0.9985	0.0340	-0.0421
384452500	2.4255	0.0702	0.6130	-0.0425	-0.0294	-0.9987	-0.0359	0.9990	-0.0279	0.9984	0.0347	-0.0435
384452625	2.4261	0.0719	0.6113	-0.0419	-0.0298	-0.9987	-0.0357	0.9990	-0.0283	0.9985	0.0345	-0.0429
384452750	2.4248	0.0701	0.6096	-0.0410	-0.0298	-0.9987	-0.0353	0.9990	-0.0284	0.9985	0.0341	-0.0420
384452875	2.4252	0.0692	0.6072	-0.0406	-0.0254	-0.9989	-0.0348	0.9991	-0.0239	0.9986	0.0338	-0.0415
384453000	2.4249	0.0665	0.6088	-0.0407	-0.0246	-0.9989	-0.0365	0.9991	-0.0232	0.9985	0.0355	-0.0416
384453125	2.4258	0.0659	0.6083	-0.0408	-0.0231	-0.9989	-0.0360	0.9991	-0.0216	0.9985	0.0350	-0.0416
384453250	2.4256	0.0670	0.6098	-0.0418	-0.0233	-0.9989	-0.0354	0.9991	-0.0218	0.9985	0.0345	-0.0426
384453375	2.4257	0.0696	0.6077	-0.0413	-0.0266	-0.9988	-0.0346	0.9991	-0.0252	0.9985	0.0335	-0.0421
384453500	2.4246	0.0687	0.6100	-0.0413	-0.0265	-0.9988	-0.0332	0.9991	-0.0252	0.9986	0.0321	-0.0421
384453625	2.4244	0.0673	0.6098	-0.0417	-0.0243	-0.9988	-0.0337	0.9992	-0.0229	0.9986	0.0327	-0.0425
384453750	2.4247	0.0689	0.6093	-0.0415	-0.0265	-0.9988	-0.0339	0.9991	-0.0251	0.9986	0.0328	-0.0423
384453875	2.4245	0.0668	0.6098	-0.0420	-0.0248	-0.9988	-0.0350	0.9991	-0.0234	0.9985	0.0340	-0.0428
384454000	2.4249	0.0668	0.6087	-0.0418	-0.0244	-0.9988	-0.0347	0.9991	-0.0229	0.9985	0.0337	-0.0426
384454125	2.4248	0.0673	0.6085	-0.0420	-0.0245	-0.9988	-0.0344	0.9991	-0.0231	0.9985	0.0334	-0.0428
384454250	2.4247	0.0655	0.6093	-0.0422	-0.0246	-0.9988	-0.0358	0.9991	-0.0231	0.9985	0.0347	-0.0430
384454375	2.4246	0.0655	0.6084	-0.0418	-0.0260	-0.9988	-0.0356	0.9991	-0.0245	0.9985	0.0345	-0.0427
384454500	2.4242	0.0645	0.6087	-0.0424	-0.0265	-0.9988	-0.0358	0.9990	-0.0250	0.9985	0.0347	-0.0433
384454625	2.4246	0.0652	0.6108	-0.0434	-0.0268	-0.9987	-0.0349	0.9991	-0.0253	0.9984	0.0337	-0.0443
384454750	2.4241	0.0659	0.6105	-0.0427	-0.0243	-0.9988	-0.0322	0.9992	-0.0229	0.9986	0.0312	-0.0434
384454875	2.4241	0.0643	0.6126	-0.0424	-0.0253	-0.9988	-0.0326	0.9992	-0.0239	0.9986	0.0315	-0.0431
384455000	2.4247	0.0657	0.6118	-0.0426	-0.0284	-0.9987	-0.0327	0.9991	-0.0270	0.9986	0.0315	-0.0435
384455125	2.4238	0.0643	0.6131	-0.0432	-0.0283	-0.9987	-0.0337	0.9991	-0.0268	0.9985	0.0325	-0.0442
384455250	2.4243	0.0627	0.6136	-0.0421	-0.0282	-0.9987	-0.0342	0.9991	-0.0268	0.9985	0.0330	-0.0430
384455375	2.4245	0.0627	0.6124	-0.0422	-0.0289	-0.9987	-0.0341	0.9990	-0.0275	0.9985	0.0329	-0.0431
384455500	2.4241	0.0617	0.6117	-0.0435	-0.0314	-0.9986	-0.0344	0.9990	-0.0299	0.9985	0.0331	-0.0446
384455625	2.4245	0.0640	0.6117	-0.0423	-0.0299	-0.9987	-0.0340	0.9990	-0.0285	0.9985	0.0327	-0.0432
384455750	2.4239	0.0609	0.6125	-0.0438	-0.0287	-0.9986	-0.0342	0.9990	-0.0272	0.9985	0.0330	-0.0447
384455875	2.4246	0.0623	0.6132	-0.0419	-0.0275	-0.9987	-0.0338	0.9991	-0.0261	0.9985	0.0327	-0.0428
384456000	2.4240	0.0604	0.6124	-0.0438	-0.0288	-0.9986	-0.0348	0.9990	-0.0273	0.9984	0.0335	-0.0448
384456125	2.4238	0.0616	0.6125	-0.0430	-0.0279	-0.9987	-0.0337	0.9991	-0.0265	0.9985	0.0325	-0.0439
384456250	2.4244	0.0617	0.6147	-0.0435	-0.0271	-0.9987	-0.0335	0.9991	-0.0257	0.9985	0.0323	-0.0444
384456375	2.4247	0.0614	0.6139	-0.0420	-0.0260	-0.9988	-0.0338	0.9991	-0.0246	0.9985	0.0327	-0.0428
384456500	2.4243	0.0611	0.6137	-0.0438	-0.0268	-0.9987	-0.0342	0.9991	-0.0253	0.9985	0.0330	-0.0446
384456625	2.4242	0.0601	0.6127	-0.0436	-0.0267	-0.9987	-0.0356	0.9991	-0.0251	0.9984	0.0345	-0.0445
384456750	2.4240	0.0618	0.6144	-0.0436	-0.0280	-0.9987	-0.0342	0.9991	-0.0265	0.9985	0.0330	-0.0445
384456875	2.4237	0.0618	0.6130	-0.0429	-0.0288	-0.9987	-0.0326	0.9991	-0.0275	0.9985	0.0314	-0.0438
384457000	2.4232	0.0616	0.6138	-0.0427	-0.0284	-0.9987	-0.0324	0.9991	-0.0270	0.9986	0.0312	-0.0435
384457125	2.4236	0.0620	0.6128	-0.0422	-0.0280	-0.9987	-0.0329	0.9991	-0.0266	0.9986	0.0318	-0.0430
384457250	2.4237	0.0603	0.6144	-0.0436	-0.0290	-0.9986	-0.0337	0.9991	-0.0275	0.9985	0.0325	-0.0446
384457375	2.4236	0.0621	0.6144	-0.0417	-0.0280	-0.9987	-0.0327	0.9991	-0.0266	0.9986	0.0315	-0.0425
384457500	2.4237	0.0621	0.6143	-0.0423	-0.0285	-0.9987	-0.0324	0.9991	-0.0272	0.9986	0.0312	-0.0432
384457625	2.4232	0.0619	0.6143	-0.0422	-0.0286	-0.9987	-0.0324	0.9991	-0.0273	0.9986	0.0313	-0.0431
384457750	2.4235	0.0623	0.6135	-0.0421	-0.0285	-0.9987	-0.0335	0.9991	-0.0271	0.9986	0.0323	-0.0431
384457875	2.4238	0.0607	0.6145	-0.0421	-0.0303	-0.9987	-0.0339	0.9990	-0.0289	0.9985	0.0327	-0.0431
384458000	2.4233	0.0606	0.6128	-0.0420	-0.0277	-0.9987	-0.0329	0.9991	-0.0264	0.9986	0.0317	-0.0428
384458125	2.4237	0.0586	0.6145	-0.0418	-0.0280	-0.9987	-0.0350	0.9990	-0.0265	0.9985	0.0339	-0.0428
384458250	2.4241	0.0591	0.6144	-0.0425	-0.0282	-0.9987	-0.0346	0.9990	-0.0267	0.9985	0.0334	-0.0434
384458375	2.4243	0.0598	0.6146	-0.0425	-0.0265	-0.9987	-0.0348	0.9991	-0.0250	0.9985	0.0337	-0.0434
384458500	2.4242	0.0593	0.6138	-0.0426	-0.0265	-0.9987	-0.0344	0.9991	-0.0251	0.9985	0.0333	-0.0435
384458625	2.4239	0.0602	0.6144	-0.0438	-0.0274	-0.9987	-0.0330	0.9991	-0.0259	0.9985	0.0318	-0.0447
384458750	2.4248	0.0627	0.6124	-0.0434	-0.0261	-0.9987	-0.0322	0.9992	-0.0247	0.9985	0.0311	-0.0442
384458875	2.4245	0.0619	0.6135	-0.0442	-0.0253	-0.9987	-0.0332	0.9992	-0.0239	0.9985	0.0321	-0.0450
384459000	2.4246	0.0629	0.6131	-0.0438	-0.0238	-0.9988	-0.0316	0.9993	-0.0224	0.9985	0.0305	-0.0445
384459125	2.4239	0.0611	0.6125	-0.0434	-0.0245	-0.9988	-0.0329	0.9992	-0.0231	0.9985	0.0319	-0.0442
384459250	2.4242	0.0617	0.6124	-0.0430	-0.0249	-0.9988	-0.0329	0.9992	-0.0234	0.9985	0.0319	-0.0438
384459375	2.4235	0.0615	0.6135	-0.0435	-0.0256	-0.9987	-0.0324	0.9992	-0.0242	0.9985	0.0313	-0.0443
384459500	2.4232	0.0613	0.6123	-0.0432	-0.0241	-0.9988	-0.0324	0.9992	-0.0227	0.9985	0.0314	-0.0440
384459625	2.4231	0.0619	0.6141	-0.0433	-0.0243	-0.9988	-0.0308	0.9993	-0.0230	0.9986	0.0298	-0.0440
384459750	2.4236	0.0632	0.6100	-0.0424	-0.0265	-0.9987	-0.0306	0.9992	-0.0252	0.9986	0.0295	-0.0432
384459875	2.4239	0.0632	0.6107	-0.0425	-0.0257	-0.9988	-0.0322	0.9992	-0.0243	0.9986	0.0311	-0.0433
384460000	2.4238	0.0622	0.6106	-0.0429	-0.0252	-0.9988	-0.0326	0.9992	-0.0238	0.9985	0.0316	-0.0436
384460125	2.4241	0.0626	0.6114	-0.0427	-0.0254	-0.9988	-0.0310	0.9992	-0.0241	0.9986	0.0300	-0.0435
384460250	2.4235	0.0619	0.6114	-0.0433	-0.0260	-0.9987	-0.0321	0.9992	-0.0246	0.9985	0.0310	-0.0441
384460375	2.4236	0.0622	0.6118	-0.0426	-0.0260	-0.9988	-0.0328	0.9992	-0.0246	0.9986	0.0317	-0.0434
384460500	2.4229	0.0596	0.6105	-0.0425	-0.0270	-0.9987	-0.0334	0.9991	-0.0256	0.9985	0.0323	-0.0433
384460625	2.4237	0.0607	0.6102	-0.0423	-0.0268	-0.9987	-0.0335	0.9991	-0.0254	0.9985	0.0324	-0.0431
384460750	2.4232	0.0626	0.6110	-0.0425	-0.0266	-0.9987	-0.0319	0.9992	-0.0253	0.9986	0.0308	-0.0433
384460875	2.4239	0.0621	0.6111	-0.0425	-0.0273	-0.9987	-0.0339	0.9991	-0.0258	0.9985	0.0328	-0.0434
384461000	2.4233	0.0606	0.6108	-0.0425	-0.0265	-0.9987	-0.0333	0.9991	-0.0251	0.9985	0.0322	-0.0434
384461125	2.4233	0.0591	0.6120	-0.0435	-0.0245	-0.9988	-0.0343	0.9991	-0.0230	0.9985	0.0333	-0.0443
384461250	2.4233	0.0616	0.6106	-0.0433	-0.0266	-0.9987	-0.0319	0.9992	-0.0252	0.9986	0.0308	-0.0441
384461375	2.4238	0.0616	0.6115	-0.0432	-0.0247	-0.9988	-0.0317	0.9992	-0.0233	0.9986	0.0306	-0.0440
384461500	2.4232	0.0616	0.6119	-0.0439	-0.0258	-0.9987	-0.0324	0.9992	-0.0244	0.9985	0.0313	-0.0447
384461625	2.4236	0.0611	0.6118	-0.0443	-0.0250	-0.9987	-0.0328	0.9992	-0.0235	0.9985	0.0317	-0.0451
384461750	2.4237	0.0619	0.6112	-0.0439	-0.0270	-0.9987	-0.0334	0.9991	-0.0256	0.9985	0.0322	-0.0448
384461875	2.4244	0.0640	0.6112	-0.0437	-0.0267	-0.9987	-0.0325	0.9992	-0.0252	0.9985	0.0314	-0.0445
384462000	2.4241	0.0622	0.6108	-0.0430	-0.0270	-0.9987	-0.0333	0.9991	-0.0256	0.9985	0.0322	-0.0439
384462125	2.4243	0.0642	0.6128	-0.0440	-0.0274	-0.9987	-0.0327	0.9991	-0.0260	0.9985	0.0315	-0.0448
384462250	2.4242	0.0628	0.6131	-0.0431	-0.0274	-0.9987	-0.0332	0.9991	-0.0260	0.9985	0.0320	-0.0440
384462375	2.4243	0.0648	0.6148	-0.0440	-0.0275	-0.9987	-0.0325	0.9991	-0.0261	0.9985	0.0313	-0.0448
384462500	2.4243	0.0640	0.6146	-0.0447	-0.0269	-0.9986	-0.0328	0.9991	-0.0254	0.9985	0.0316	-0.0455
384462625	2.4244	0.0639	0.6151	-0.0442	-0.0272	-0.9986	-0.0325	0.9991	-0.0258	0.9985	0.0313	-0.0451
384462750	2.4245	0.0651	0.6164	-0.0441	-0.0283	-0.9986	-0.0319	0.9991	-0.0269	0.9985	0.0307	-0.0450
384462875	2.4247	0.0654	0.6161	-0.0432	-0.0282	-0.9987	-0.0326	0.9991	-0.0268	0.9985	0.0314	-0.0441
384463000	2.4245	0.0641	0.6159	-0.0441	-0.0291	-0.9986	-0.0333	0.9991	-0.0276	0.9985	0.0320	-0.0450
384463125	2.4247	0.0642	0.6173	-0.0444	-0.0273	-0.9986	-0.0343	0.9991	-0.0258	0.9984	0.0331	-0.0453
384463250	2.4252	0.0634	0.6168	-0.0429	-0.0273	-0.9987	-0.0331	0.9991	-0.0259	0.9985	0.0319	-0.0438
384463375	2.4252	0.0648	0.6168	-0.0435	-0.0272	-0.9987	-0.0329	0.9991	-0.0258	0.9985	0.0318	-0.0444
384463500	2.4251	0.0648	0.6178	-0.0426	-0.0267	-0.9987	-0.0327	0.9991	-0.0254	0.9986	0.0316	-0.0434
384463625	2.4257	0.0636	0.6178	-0.0431	-0.0265	-0.9987	-0.0329	0.9991	-0.0251	0.9985	0.0317	-0.0439
384463750	2.4256	0.0658	0.6157	-0.0422	-0.0236	-0.9988	-0.0324	0.9992	-0.0222	0.9986	0.0314	-0.0430
384463875	2.4252	0.0655	0.6160	-0.0425	-0.0224	-0.9988	-0.0318	0.9993	-0.0211	0.9986	0.0309	-0.0432
384464000	2.4256	0.0637	0.6159	-0.0429	-0.0249	-0.9988	-0.0333	0.9992	-0.0235	0.9985	0.0322	-0.0437
384464125	2.4248	0.0633	0.6159	-0.0433	-0.0237	-0.9988	-0.0327	0.9992	-0.0223	0.9985	0.0317	-0.0440
384464250	2.4255	0.0635	0.6161	-0.0427	-0.0239	-0.9988	-0.0324	0.9992	-0.0225	0.9986	0.0314	-0.0434
384464375	2.4254	0.0637	0.6147	-0.0419	-0.0237	-0.9988	-0.0331	0.9992	-0.0223	0.9986	0.0321	-0.0427
384464500	2.4252	0.0640	0.6155	-0.0426	-0.0235	-0.9988	-0.0324	0.9992	-0.0221	0.9986	0.0315	-0.0433
384464625	2.4250	0.0627	0.6148	-0.0423	-0.0235	-0.9988	-0.0336	0.9992	-0.0220	0.9985	0.0326	-0.0431
384464750	2.4251	0.0637	0.6147	-0.0425	-0.0223	-0.9988	-0.0342	0.9992	-0.0208	0.9985	0.0332	-0.0432
384464875	2.4253	0.0636	0.6131	-0.0418	-0.0239	-0.9988	-0.0345	0.9992	-0.0224	0.9985	0.0335	-0.0426
384465000	2.4252	0.0638	0.6142	-0.0425	-0.0237	-0.9988	-0.0344	0.9992	-0.0222	0.9985	0.0334	-0.0433
384465125	2.4253	0.0645	0.6137	-0.0426	-0.0249	-0.9988	-0.0340	0.9991	-0.0235	0.9985	0.0329	-0.0434
384465250	2.4250	0.0624	0.6137	-0.0427	-0.0237	-0.9988	-0.0341	0.9992	-0.0223	0.9985	0.0331	-0.0434
384465375	2.4255	0.0636	0.6134	-0.0426	-0.0244	-0.9988	-0.0345	0.9991	-0.0230	0.9985	0.0335	-0.0434
384465500	2.4251	0.0614	0.6128	-0.0428	-0.0242	-0.9988	-0.0350	0.9991	-0.0227	0.9985	0.0340	-0.0436
384465625	2.4255	0.0612	0.6120	-0.0426	-0.0242	-0.9988	-0.0356	0.9991	-0.0226	0.9985	0.0346	-0.0434
384465750	2.4242	0.0626	0.6132	-0.0431	-0.0257	-0.9987	-0.0352	0.9991	-0.0242	0.9985	0.0341	-0.0440
384465875	2.4237	0.0612	0.6134	-0.0437	-0.0256	-0.9987	-0.0352	0.9991	-0.0241	0.9984	0.0341	-0.0446
384466000	2.4242	0.0607	0.6135	-0.0433	-0.0231	-0.9988	-0.0357	0.9991	-0.0215	0.9984	0.0347	-0.0441
384466125	2.4242	0.0603	0.6131	-0.0436	-0.0246	-0.9987	-0.0360	0.9991	-0.0230	0.9984	0.0349	-0.0444
384466250	2.4245	0.0612	0.6121	-0.0429	-0.0239	-0.9988	-0.0351	0.9991	-0.0224	0.9985	0.0341	-0.0437
384466375	2.4241	0.0600	0.6128	-0.0433	-0.0230	-0.9988	-0.0350	0.9992	-0.0215	0.9984	0.0341	-0.0440
384466500	2.4239	0.0607	0.6125	-0.0432	-0.0228	-0.9988	-0.0340	0.9992	-0.0214	0.9985	0.0331	-0.0440
384466625	2.4244	0.0606	0.6126	-0.0432	-0.0231	-0.9988	-0.0348	0.9992	-0.0216	0.9985	0.0338	-0.0439
384466750	2.4245	0.0623	0.6124	-0.0428	-0.0245	-0.9988	-0.0341	0.9992	-0.0231	0.9985	0.0331	-0.0436
384466875	2.4250	0.0620	0.6118	-0.0424	-0.0246	-0.9988	-0.0335	0.9992	-0.0232	0.9985	0.0324	-0.0432
384467000	2.4253	0.0622	0.6123	-0.0437	-0.0246	-0.9987	-0.0334	0.9992	-0.0232	0.9985	0.0323	-0.0445
384467125	2.4250	0.0650	0.6126	-0.0430	-0.0229	-0.9988	-0.0333	0.9992	-0.0215	0.9985	0.0323	-0.0438
384467250	2.4252	0.0671	0.6137	-0.0436	-0.0241	-0.9988	-0.0324	0.9992	-0.0227	0.9985	0.0314	-0.0444
384467375	2.4248	0.0681	0.6136	-0.0441	-0.0257	-0.9987	-0.0322	0.9992	-0.0243	0.9985	0.0311	-0.0449
384467500	2.4252	0.0684	0.6130	-0.0441	-0.0257	-0.9987	-0.0335	0.9991	-0.0242	0.9985	0.0324	-0.0450
384467625	2.4253	0.0681	0.6112	-0.0435	-0.0283	-0.9987	-0.0344	0.9991	-0.0268	0.9985	0.0331	-0.0444
384467750	2.4261	0.0667	0.6103	-0.0442	-0.0263	-0.9987	-0.0350	0.9991	-0.0248	0.9984	0.0339	-0.0451
384467875	2.4260	0.0679	0.6096	-0.0440	-0.0287	-0.9986	-0.0363	0.9990	-0.0271	0.9984	0.0350	-0.0450
384468000	2.4272	0.0675	0.6099	-0.0432	-0.0263	-0.9987	-0.0360	0.9990	-0.0248	0.9984	0.0349	-0.0441
384468125	2.4272	0.0686	0.6100	-0.0427	-0.0274	-0.9987	-0.0373	0.9990	-0.0259	0.9984	0.0362	-0.0437
384468250	2.4275	0.0670	0.6088	-0.0424	-0.0275	-0.9987	-0.0372	0.9990	-0.0259	0.9984	0.0361	-0.0433
384468375	2.4268	0.0665	0.6090	-0.0421	-0.0257	-0.9988	-0.0373	0.9990	-0.0241	0.9984	0.0362	-0.0430
384468500	2.4262	0.0672	0.6095	-0.0427	-0.0273	-0.9987	-0.0365	0.9990	-0.0257	0.9984	0.0353	-0.0436
384468625	2.4260	0.0672	0.6094	-0.0432	-0.0277	-0.9987	-0.0351	0.9990	-0.0262	0.9985	0.0339	-0.0441
384468750	2.4269	0.0696	0.6076	-0.0454	-0.0225	-0.9987	-0.0330	0.9992	-0.0210	0.9984	0.0320	-0.0461
384468875	2.4274	0.0719	0.6057	-0.0457	-0.0214	-0.9987	-0.0311	0.9993	-0.0200	0.9985	0.0301	-0.0463
384469000	2.4266	0.0730	0.6026	-0.0482	-0.0185	-0.9987	-0.0284	0.9994	-0.0171	0.9984	0.0276	-0.0487
384469125	2.4277	0.0658	0.6119	-0.0414	-0.0273	-0.9988	-0.0326	0.9991	-0.0260	0.9986	0.0314	-0.0422
384469250	2.4262	0.0704	0.6129	-0.0411	-0.0274	-0.9988	-0.0323	0.9991	-0.0260	0.9986	0.0312	-0.0419
384469375	2.4265	0.0693	0.6144	-0.0424	-0.0306	-0.9986	-0.0319	0.9991	-0.0293	0.9986	0.0306	-0.0433
384469500	2.4274	0.0715	0.6097	-0.0389	-0.0327	-0.9987	-0.0326	0.9990	-0.0315	0.9987	0.0314	-0.0399
384469625	2.4279	0.0719	0.6071	-0.0403	-0.0327	-0.9987	-0.0326	0.9990	-0.0314	0.9987	0.0313	-0.0413
384469750	2.4275	0.0791	0.6057	-0.0405	-0.0330	-0.9986	-0.0300	0.9990	-0.0318	0.9987	0.0286	-0.0415
384469875	2.4260	0.0797	0.6084	-0.0429	-0.0309	-0.9986	-0.0288	0.9991	-0.0296	0.9987	0.0275	-0.0438
384470000	2.4254	0.0803	0.6108	-0.0440	-0.0287	-0.9986	-0.0257	0.9993	-0.0276	0.9987	0.0244	-0.0447
384470125	2.4246	0.0829	0.6067	-0.0396	-0.0344	-0.9986	-0.0249	0.9991	-0.0334	0.9989	0.0235	-0.0404
384470250	2.4253	0.0800	0.6094	-0.0433	-0.0346	-0.9985	-0.0263	0.9991	-0.0334	0.9987	0.0249	-0.0442
384470375	2.4257	0.0710	0.6092	-0.0438	-0.0226	-0.9988	-0.0322	0.9993	-0.0212	0.9985	0.0313	-0.0445
384470500	2.4270	0.0670	0.6139	-0.0467	-0.0203	-0.9987	-0.0326	0.9993	-0.0188	0.9984	0.0316	-0.0473
384470625	2.4238	0.0703	0.6096	-0.0410	-0.0257	-0.9988	-0.0314	0.9992	-0.0244	0.9987	0.0304	-0.0417
384470750	2.4246	0.0643	0.6177	-0.0472	-0.0198	-0.9987	-0.0338	0.9993	-0.0183	0.9983	0.0329	-0.0479
384470875	2.4247	0.0649	0.6156	-0.0451	-0.0227	-0.9987	-0.0326	0.9992	-0.0213	0.9984	0.0316	-0.0458
384471000	2.4224	0.0751	0.6151	-0.0420	-0.0340	-0.9985	-0.0280	0.9991	-0.0328	0.9987	0.0266	-0.0429
384471125	2.4263	0.0728	0.6196	-0.0485	-0.0305	-0.9984	-0.0275	0.9992	-0.0292	0.9984	0.0261	-0.0493
384471250	2.4275	0.0717	0.6234	-0.0514	-0.0271	-0.9983	-0.0297	0.9992	-0.0256	0.9982	0.0283	-0.0522
384471375	2.4293	0.0677	0.6232	-0.0514	-0.0290	-0.9983	-0.0321	0.9991	-0.0273	0.9982	0.0307	-0.0523
384471500	2.4267	0.0652	0.6229	-0.0503	-0.0221	-0.9985	-0.0325	0.9993	-0.0204	0.9982	0.0315	-0.0510
384471625	2.4258	0.0578	0.6214	-0.0476	-0.0223	-0.9986	-0.0360	0.9991	-0.0206	0.9982	0.0350	-0.0484
384471750	2.4269	0.0592	0.6233	-0.0502	-0.0182	-0.9986	-0.0339	0.9993	-0.0165	0.9982	0.0330	-0.0508
384471875	2.4265	0.0613	0.6218	-0.0500	-0.0195	-0.9986	-0.0354	0.9992	-0.0177	0.9981	0.0344	-0.0506
384472000	2.4266	0.0623	0.6221	-0.0500	-0.0217	-0.9985	-0.0351	0.9992	-0.0199	0.9981	0.0340	-0.0507
384472125	2.4258	0.0617	0.6234	-0.0493	-0.0202	-0.9986	-0.0352	0.9992	-0.0185	0.9982	0.0342	-0.0500
384472250	2.4258	0.0637	0.6204	-0.0488	-0.0198	-0.9986	-0.0352	0.9992	-0.0181	0.9982	0.0343	-0.0494
384472375	2.4255	0.0638	0.6205	-0.0481	-0.0200	-0.9986	-0.0357	0.9992	-0.0183	0.9982	0.0348	-0.0488
384472500	2.4253	0.0642	0.6193	-0.0483	-0.0211	-0.9986	-0.0341	0.9992	-0.0195	0.9983	0.0331	-0.0489
384472625	2.4252	0.0650	0.6194	-0.0476	-0.0205	-0.9987	-0.0329	0.9993	-0.0190	0.9983	0.0319	-0.0482
384472750	2.4243	0.0669	0.6188	-0.0472	-0.0188	-0.9987	-0.0305	0.9994	-0.0173	0.9984	0.0296	-0.0477
384472875	2.4248	0.0684	0.6182	-0.0471	-0.0197	-0.9987	-0.0297	0.9994	-0.0183	0.9984	0.0288	-0.0477
384473000	2.4248	0.0677	0.6185	-0.0475	-0.0186	-0.9987	-0.0299	0.9994	-0.0171	0.9984	0.0290	-0.0480
384473125	2.4247	0.0687	0.6170	-0.0475	-0.0203	-0.9987	-0.0293	0.9994	-0.0190	0.9984	0.0284	-0.0481
384473250	2.4256	0.0683	0.6212	-0.0496	-0.0211	-0.9985	-0.0294	0.9994	-0.0196	0.9983	0.0284	-0.0502
384473375	2.4245	0.0689	0.6182	-0.0489	-0.0226	-0.9985	-0.0283	0.9994	-0.0212	0.9984	0.0272	-0.0495
384473500	2.4243	0.0676	0.6182	-0.0502	-0.0220	-0.9985	-0.0297	0.9993	-0.0205	0.9983	0.0286	-0.0508
384473625	2.4254	0.0656	0.6175	-0.0500	-0.0225	-0.9985	-0.0329	0.9992	-0.0209	0.9982	0.0318	-0.0507
384473750	2.4258	0.0659	0.6192	-0.0515	-0.0201	-0.9985	-0.0321	0.9993	-0.0185	0.9982	0.0311	-0.0521
384473875	2.4252	0.0644	0.6193	-0.0517	-0.0218	-0.9984	-0.0335	0.9992	-0.0201	0.9981	0.0325	-0.0524
384474000	2.4247	0.0643	0.6195	-0.0515	-0.0203	-0.9985	-0.0320	0.9993	-0.0187	0.9982	0.0310	-0.0521
384474125	2.4254	0.0646	0.6205	-0.0519	-0.0205	-0.9984	-0.0327	0.9993	-0.0188	0.9981	0.0317	-0.0525
384474250	2.4252	0.0650	0.6202	-0.0510	-0.0211	-0.9985	-0.0317	0.9993	-0.0195	0.9982	0.0307	-0.0516
384474375	2.4256	0.0680	0.6191	-0.0512	-0.0199	-0.9985	-0.0315	0.9993	-0.0183	0.9982	0.0305	-0.0518
384474500	2.4259	0.0684	0.6179	-0.0519	-0.0184	-0.9985	-0.0301	0.9994	-0.0168	0.9982	0.0292	-0.0524
384474625	2.4259	0.0684	0.6181	-0.0500	-0.0185	-0.9986	-0.0305	0.9994	-0.0170	0.9983	0.0296	-0.0505
384474750	2.4260	0.0660	0.6185	-0.0502	-0.0172	-0.9986	-0.0315	0.9994	-0.0156	0.9982	0.0307	-0.0507
384474875	2.4257	0.0667	0.6183	-0.0498	-0.0179	-0.9986	-0.0311	0.9994	-0.0164	0.9983	0.0302	-0.0503
384475000	2.4254	0.0656	0.6180	-0.0495	-0.0188	-0.9986	-0.0314	0.9994	-0.0173	0.9983	0.0305	-0.0501
384475125	2.4255	0.0641	0.6187	-0.0494	-0.0201	-0.9986	-0.0321	0.9993	-0.0185	0.9983	0.0311	-0.0501
384475250	2.4253	0.0624	0.6183	-0.0493	-0.0191	-0.9986	-0.0342	0.9993	-0.0174	0.9982	0.0333	-0.0499
384475375	2.4252	0.0620	0.6192	-0.0498	-0.0195	-0.9986	-0.0333	0.9993	-0.0179	0.9982	0.0324	-0.0504
384475500	2.4258	0.0674	0.6172	-0.0491	-0.0213	-0.9986	-0.0336	0.9992	-0.0197	0.9982	0.0326	-0.0497
384475625	2.4268	0.0711	0.6146	-0.0507	-0.0176	-0.9986	-0.0311	0.9994	-0.0161	0.9982	0.0303	-0.0512
384475750	2.4256	0.0704	0.6175	-0.0495	-0.0201	-0.9986	-0.0335	0.9993	-0.0184	0.9982	0.0325	-0.0501
384475875	2.4270	0.0692	0.6160	-0.0489	-0.0208	-0.9986	-0.0330	0.9993	-0.0192	0.9983	0.0320	-0.0495
384476000	2.4262	0.0679	0.6181	-0.0493	-0.0219	-0.9985	-0.0338	0.9992	-0.0203	0.9982	0.0328	-0.0500
384476125	2.4266	0.0689	0.6170	-0.0493	-0.0215	-0.9986	-0.0334	0.9992	-0.0199	0.9982	0.0324	-0.0499
384476250	2.4269	0.0700	0.6175	-0.0494	-0.0221	-0.9985	-0.0328	0.9993	-0.0205	0.9982	0.0318	-0.0501
384476375	2.4265	0.0683	0.6184	-0.0488	-0.0209	-0.9986	-0.0329	0.9993	-0.0193	0.9983	0.0319	-0.0494
384476500	2.4258	0.0680	0.6184	-0.0487	-0.0217	-0.9986	-0.0314	0.9993	-0.0202	0.9983	0.0304	-0.0493
384476625	2.4256	0.0680	0.6178	-0.0490	-0.0191	-0.9986	-0.0318	0.9993	-0.0176	0.9983	0.0309	-0.0496
384476750	2.4253	0.0689	0.6182	-0.0487	-0.0198	-0.9986	-0.0314	0.9993	-0.0182	0.9983	0.0305	-0.0493
384476875	2.4252	0.0695	0.6180	-0.0480	-0.0191	-0.9987	-0.0319	0.9993	-0.0176	0.9983	0.0310	-0.0486
384477000	2.4250	0.0708	0.6177	-0.0476	-0.0196	-0.9987	-0.0322	0.9993	-0.0181	0.9983	0.0313	-0.0482
384477125	2.4255	0.0716	0.6189	-0.0476	-0.0178	-0.9987	-0.0309	0.9994	-0.0164	0.9984	0.0300	-0.0481
384477250	2.4254	0.0694	0.6198	-0.0487	-0.0207	-0.9986	-0.0323	0.9993	-0.0191	0.9983	0.0313	-0.0493
384477375	2.4247	0.0695	0.6197	-0.0485	-0.0212	-0.9986	-0.0334	0.9993	-0.0195	0.9983	0.0324	-0.0492
384477500	2.4254	0.0683	0.6199	-0.0490	-0.0208	-0.9986	-0.0338	0.9992	-0.0192	0.9982	0.0328	-0.0496
384477625	2.4252	0.0686	0.6192	-0.0488	-0.0204	-0.9986	-0.0343	0.9992	-0.0187	0.9982	0.0334	-0.0495
384477750	2.4252	0.0699	0.6205	-0.0490	-0.0198	-0.9986	-0.0344	0.9992	-0.0181	0.9982	0.0334	-0.0497
384477875	2.4251	0.0690	0.6198	-0.0487	-0.0199	-0.9986	-0.0341	0.9993	-0.0183	0.9982	0.0331	-0.0493
384478000	2.4260	0.0696	0.6194	-0.0485	-0.0213	-0.9986	-0.0347	0.9992	-0.0196	0.9982	0.0337	-0.0492
384478125	2.4259	0.0680	0.6217	-0.0486	-0.0201	-0.9986	-0.0348	0.9992	-0.0184	0.9982	0.0339	-0.0492
384478250	2.4263	0.0695	0.6211	-0.0493	-0.0207	-0.9986	-0.0339	0.9992	-0.0190	0.9982	0.0329	-0.0499
384478375	2.4260	0.0690	0.6213	-0.0490	-0.0216	-0.9986	-0.0344	0.9992	-0.0199	0.9982	0.0334	-0.0497
384478500	2.4253	0.0666	0.6198	-0.0498	-0.0206	-0.9985	-0.0336	0.9993	-0.0189	0.9982	0.0327	-0.0505
384478625	2.4247	0.0679	0.6189	-0.0491	-0.0211	-0.9986	-0.0321	0.9993	-0.0196	0.9983	0.0311	-0.0497
384478750	2.4248	0.0669	0.6200	-0.0505	-0.0206	-0.9985	-0.0328	0.9993	-0.0190	0.9982	0.0317	-0.0512
384478875	2.4250	0.0682	0.6180	-0.0492	-0.0194	-0.9986	-0.0316	0.9993	-0.0179	0.9983	0.0307	-0.0497
384479000	2.4253	0.0715	0.6188	-0.0498	-0.0166	-0.9986	-0.0292	0.9995	-0.0152	0.9983	0.0284	-0.0502
384479125	2.4252	0.0729	0.6170	-0.0496	-0.0125	-0.9987	-0.0293	0.9995	-0.0110	0.9983	0.0287	-0.0500
384479250	2.4254	0.0745	0.6161	-0.0498	-0.0129	-0.9987	-0.0276	0.9996	-0.0115	0.9984	0.0270	-0.0501
384479375	2.4265	0.0720	0.6167	-0.0478	-0.0158	-0.9987	-0.0302	0.9994	-0.0144	0.9984	0.0295	-0.0483
384479500	2.4276	0.0660	0.6174	-0.0471	-0.0218	-0.9987	-0.0348	0.9992	-0.0202	0.9983	0.0338	-0.0478
384479625	2.4266	0.0678	0.6195	-0.0484	-0.0196	-0.9986	-0.0343	0.9992	-0.0180	0.9982	0.0334	-0.0491
384479750	2.4257	0.0716	0.6182	-0.0470	-0.0170	-0.9988	-0.0316	0.9994	-0.0155	0.9984	0.0308	-0.0475
384479875	2.4237	0.0820	0.6225	-0.0502	-0.0150	-0.9986	-0.0254	0.9996	-0.0137	0.9984	0.0246	-0.0506
384480000	2.4195	0.1029	0.6220	-0.0517	-0.0242	-0.9984	-0.0180	0.9996	-0.0233	0.9985	0.0168	-0.0522
384480125	2.4191	0.1290	0.6290	-0.0546	-0.0229	-0.9982	-0.0040	0.9997	-0.0227	0.9985	0.0028	-0.0547
384480250	2.4176	0.1556	0.6308	-0.0529	-0.0155	-0.9985	0.0075	0.9998	-0.0159	0.9986	-0.0084	-0.0527
384480375	2.4113	0.1853	0.6280	-0.0484	-0.0208	-0.9986	0.0117	0.9997	-0.0213	0.9988	-0.0127	-0.0481
384480500	2.4060	0.2164	0.6252	-0.0405	-0.0256	-0.9989	0.0165	0.9995	-0.0263	0.9990	-0.0176	-0.0400
384480625	2.4060	0.2487	0.6263	-0.0324	-0.0279	-0.9991	0.0198	0.9994	-0.0285	0.9993	-0.0207	-0.0318
384480750	2.4051	0.2867	0.6219	-0.0205	-0.0284	-0.9994	0.0173	0.9994	-0.0287	0.9996	-0.0179	-0.0200
384480875	2.4145	0.3334	0.6182	-0.0096	-0.0307	-0.9995	0.0177	0.9994	-0.0309	0.9998	-0.0179	-0.0090
384481000	2.4188	0.3780	0.6154	0.0032	-0.0357	-0.9994	0.0202	0.9992	-0.0356	0.9998	-0.0200	0.0039
384481125	2.4253	0.4263	0.6145	0.0112	-0.0363	-0.9993	0.0153	0.9992	-0.0361	0.9998	-0.0148	0.0117
384481250	2.4342	0.4652	0.6054	0.0189	-0.0282	-0.9994	0.0186	0.9994	-0.0278	0.9996	-0.0180	0.0194
384481375	2.4435	0.5024	0.6026	0.0232	-0.0137	-0.9996	0.0209	0.9997	-0.0132	0.9995	-0.0206	0.0234
384481500	2.4520	0.5449	0.6014	0.0238	-0.0088	-0.9997	0.0254	0.9996	-0.0082	0.9994	-0.0252	0.0240
384481625	2.4592	0.5880	0.6024	0.0191	-0.0115	-0.9998	0.0359	0.9993	-0.0108	0.9992	-0.0357	0.0195
384481750	2.4649	0.6301	0.6100	0.0143	-0.0168	-0.9998	0.0444	0.9989	-0.0162	0.9989	-0.0441	0.0150
384481875	2.4725	0.6620	0.6161	0.0068	-0.0181	-0.9998	0.0479	0.9987	-0.0178	0.9988	-0.0477	0.0076
384482000	2.4832	0.6976	0.6225	-0.0042	-0.0173	-0.9998	0.0576	0.9982	-0.0175	0.9983	-0.0577	-0.0032
384482125	2.4933	0.7293	0.6302	-0.0179	-0.0234	-0.9996	0.0670	0.9974	-0.0246	0.9976	-0.0674	-0.0163
384482250	2.5050	0.7520	0.6341	-0.0306	-0.0226	-0.9993	0.0708	0.9972	-0.0248	0.9970	-0.0715	-0.0289
384482375	2.5203	0.7727	0.6422	-0.0401	-0.0085	-0.9992	0.0766	0.9970	-0.0116	0.9963	-0.0770	-0.0393
384482500	2.5365	0.7838	0.6464	-0.0476	-0.0005	-0.9989	0.0825	0.9966	-0.0044	0.9955	-0.0826	-0.0474
