META	HEADER	GNSS location/orientation script
META	VERSION	1.0.0
META	FORMAT	ASCII
META	CONTENT	DEFAULT
META	END
iTOW	Origin_X	Origin_Y	Origin_Z	Basis_XX	Basis_XY	Basis_XZ	Basis_YX	Basis_YY	Basis_YZ	Basis_ZX	Basis_ZY	Basis_ZZ
29228875	-4.1201	-0.1476	-1.1606	0.9940	0.0232	0.1072	-0.0206	0.9995	-0.0247	-0.1077	0.0223	0.9939
29229000	-4.1200	-0.1472	-1.1592	0.9939	0.0232	0.1076	-0.0207	0.9995	-0.0245	-0.1081	0.0221	0.9939
29229125	-4.1199	-0.1473	-1.1592	0.9939	0.0248	0.1074	-0.0222	0.9994	-0.0249	-0.1079	0.0224	0.9939
29229250	-4.1195	-0.1485	-1.1595	0.9939	0.0228	0.1078	-0.0202	0.9995	-0.0253	-0.1083	0.0229	0.9939
29229375	-4.1194	-0.1488	-1.1587	0.9939	0.0233	0.1081	-0.0205	0.9994	-0.0265	-0.1086	0.0241	0.9938
29229500	-4.1194	-0.1479	-1.1599	0.9939	0.0224	0.1080	-0.0196	0.9995	-0.0267	-0.1085	0.0244	0.9938
29229625	-4.1195	-0.1473	-1.1593	0.9938	0.0243	0.1083	-0.0216	0.9994	-0.0255	-0.1088	0.0230	0.9938
29229750	-4.1205	-0.1468	-1.1588	0.9939	0.0238	0.1074	-0.0212	0.9995	-0.0252	-0.1079	0.0227	0.9939
29229875	-4.1191	-0.1474	-1.1603	0.9941	0.0234	0.1062	-0.0209	0.9995	-0.0243	-0.1067	0.0219	0.9940
29230000	-4.1192	-0.1469	-1.1600	0.9941	0.0240	0.1061	-0.0216	0.9995	-0.0243	-0.1066	0.0219	0.9941
29230125	-4.1197	-0.1455	-1.1598	0.9941	0.0218	0.1059	-0.0193	0.9995	-0.0245	-0.1063	0.0223	0.9941
29230250	-4.1196	-0.1460	-1.1593	0.9941	0.0246	0.1060	-0.0220	0.9994	-0.0259	-0.1066	0.0234	0.9940
29230375	-4.1192	-0.1463	-1.1596	0.9941	0.0231	0.1063	-0.0204	0.9995	-0.0256	-0.1069	0.0232	0.9940
29230500	-4.1194	-0.1455	-1.1591	0.9941	0.0230	0.1060	-0.0205	0.9995	-0.0253	-0.1065	0.0230	0.9940
29230625	-4.1194	-0.1445	-1.1593	0.9940	0.0239	0.1064	-0.0213	0.9995	-0.0252	-0.1069	0.0228	0.9940
29230750	-4.1192	-0.1455	-1.1592	0.9940	0.0237	0.1064	-0.0212	0.9995	-0.0250	-0.1069	0.0226	0.9940
29230875	-4.1194	-0.1451	-1.1591	0.9941	0.0220	0.1060	-0.0195	0.9995	-0.0251	-0.1065	0.0228	0.9940
29231000	-4.1186	-0.1454	-1.1593	0.9940	0.0217	0.1069	-0.0190	0.9995	-0.0261	-0.1074	0.0239	0.9939
29231125	-4.1186	-0.1435	-1.1596	0.9941	0.0218	0.1067	-0.0194	0.9995	-0.0236	-0.1071	0.0214	0.9940
29231250	-4.1190	-0.1435	-1.1599	0.9941	0.0212	0.1061	-0.0189	0.9996	-0.0230	-0.1065	0.0209	0.9941
29231375	-4.1189	-0.1426	-1.1594	0.9941	0.0221	0.1058	-0.0200	0.9996	-0.0215	-0.1063	0.0192	0.9942
29231500	-4.1187	-0.1431	-1.1595	0.9941	0.0232	0.1056	-0.0212	0.9996	-0.0207	-0.1060	0.0183	0.9942
29231625	-4.1183	-0.1462	-1.1589	0.9941	0.0221	0.1061	-0.0198	0.9995	-0.0227	-0.1065	0.0205	0.9941
29231750	-4.1179	-0.1470	-1.1582	0.9941	0.0234	0.1056	-0.0211	0.9995	-0.0228	-0.1060	0.0204	0.9942
29231875	-4.1176	-0.1462	-1.1592	0.9941	0.0223	0.1062	-0.0201	0.9995	-0.0223	-0.1066	0.0200	0.9941
29232000	-4.1176	-0.1460	-1.1587	0.9942	0.0217	0.1057	-0.0194	0.9996	-0.0223	-0.1062	0.0201	0.9941
29232125	-4.1176	-0.1464	-1.1586	0.9941	0.0234	0.1059	-0.0210	0.9995	-0.0237	-0.1064	0.0214	0.9941
29232250	-4.1171	-0.1473	-1.1578	0.9941	0.0235	0.1062	-0.0211	0.9995	-0.0229	-0.1067	0.0206	0.9941
29232375	-4.1172	-0.1475	-1.1582	0.9941	0.0233	0.1059	-0.0209	0.9995	-0.0233	-0.1064	0.0210	0.9941
29232500	-4.1174	-0.1506	-1.1593	0.9941	0.0251	0.1059	-0.0230	0.9995	-0.0213	-0.1064	0.0188	0.9941
29232625	-4.1175	-0.1526	-1.1588	0.9941	0.0235	0.1058	-0.0214	0.9995	-0.0211	-0.1063	0.0187	0.9942
29232750	-4.1174	-0.1528	-1.1593	0.9941	0.0231	0.1055	-0.0208	0.9995	-0.0229	-0.1060	0.0206	0.9942
29232875	-4.1164	-0.1548	-1.1577	0.9941	0.0226	0.1061	-0.0202	0.9995	-0.0232	-0.1065	0.0209	0.9941
29233000	-4.1165	-0.1560	-1.1584	0.9941	0.0215	0.1062	-0.0192	0.9996	-0.0225	-0.1067	0.0204	0.9941
29233125	-4.1165	-0.1565	-1.1587	0.9942	0.0208	0.1059	-0.0185	0.9996	-0.0228	-0.1063	0.0207	0.9941
29233250	-4.1156	-0.1576	-1.1587	0.9941	0.0218	0.1064	-0.0194	0.9995	-0.0234	-0.1069	0.0212	0.9940
29233375	-4.1153	-0.1591	-1.1586	0.9940	0.0242	0.1064	-0.0217	0.9995	-0.0248	-0.1069	0.0224	0.9940
29233500	-4.1158	-0.1553	-1.1597	0.9941	0.0191	0.1066	-0.0167	0.9996	-0.0235	-0.1070	0.0216	0.9940
29233625	-4.1162	-0.1547	-1.1599	0.9942	0.0184	0.1057	-0.0160	0.9996	-0.0234	-0.1061	0.0215	0.9941
29233750	-4.1165	-0.1529	-1.1602	0.9942	0.0218	0.1057	-0.0192	0.9995	-0.0248	-0.1062	0.0226	0.9941
29233875	-4.1158	-0.1519	-1.1605	0.9941	0.0226	0.1063	-0.0200	0.9995	-0.0248	-0.1069	0.0225	0.9940
29234000	-4.1157	-0.1526	-1.1605	0.9940	0.0232	0.1066	-0.0207	0.9995	-0.0241	-0.1071	0.0218	0.9940
29234125	-4.1155	-0.1535	-1.1605	0.9941	0.0216	0.1064	-0.0191	0.9995	-0.0241	-0.1069	0.0220	0.9940
29234250	-4.1154	-0.1532	-1.1612	0.9941	0.0186	0.1071	-0.0161	0.9996	-0.0241	-0.1075	0.0222	0.9940
29234375	-4.1156	-0.1535	-1.1596	0.9940	0.0195	0.1077	-0.0170	0.9996	-0.0243	-0.1082	0.0223	0.9939
29234500	-4.1173	-0.1532	-1.1581	0.9940	0.0211	0.1076	-0.0185	0.9995	-0.0255	-0.1081	0.0234	0.9939
29234625	-4.1163	-0.1535	-1.1563	0.9941	0.0213	0.1064	-0.0188	0.9995	-0.0251	-0.1068	0.0229	0.9940
29234750	-4.1166	-0.1537	-1.1563	0.9939	0.0245	0.1073	-0.0222	0.9995	-0.0229	-0.1078	0.0204	0.9940
29234875	-4.1156	-0.1559	-1.1549	0.9940	0.0256	0.1063	-0.0234	0.9995	-0.0225	-0.1068	0.0199	0.9941
29235000	-4.1176	-0.1564	-1.1567	0.9941	0.0208	0.1067	-0.0184	0.9996	-0.0229	-0.1071	0.0208	0.9940
29235125	-4.1169	-0.1543	-1.1566	0.9941	0.0199	0.1066	-0.0175	0.9996	-0.0241	-0.1070	0.0221	0.9940
29235250	-4.1166	-0.1553	-1.1563	0.9941	0.0186	0.1066	-0.0162	0.9996	-0.0231	-0.1069	0.0213	0.9940
29235375	-4.1159	-0.1555	-1.1543	0.9942	0.0156	0.1063	-0.0133	0.9997	-0.0218	-0.1066	0.0203	0.9941
29235500	-4.1168	-0.1540	-1.1534	0.9943	0.0192	0.1049	-0.0171	0.9996	-0.0215	-0.1053	0.0195	0.9943
29235625	-4.1171	-0.1545	-1.1547	0.9943	0.0156	0.1056	-0.0135	0.9997	-0.0211	-0.1059	0.0195	0.9942
29235750	-4.1185	-0.1524	-1.1539	0.9942	0.0149	0.1064	-0.0127	0.9997	-0.0213	-0.1066	0.0199	0.9941
29235875	-4.1193	-0.1517	-1.1546	0.9941	0.0151	0.1075	-0.0128	0.9997	-0.0220	-0.1078	0.0205	0.9940
29236000	-4.1187	-0.1517	-1.1525	0.9942	0.0137	0.1071	-0.0115	0.9997	-0.0214	-0.1073	0.0200	0.9940
29236125	-4.1189	-0.1501	-1.1536	0.9942	0.0156	0.1066	-0.0134	0.9997	-0.0215	-0.1069	0.0199	0.9941
29236250	-4.1193	-0.1514	-1.1530	0.9942	0.0140	0.1065	-0.0119	0.9997	-0.0201	-0.1067	0.0187	0.9941
29236375	-4.1184	-0.1507	-1.1525	0.9942	0.0140	0.1064	-0.0119	0.9997	-0.0201	-0.1066	0.0187	0.9941
29236500	-4.1197	-0.1518	-1.1535	0.9943	0.0117	0.1060	-0.0096	0.9997	-0.0204	-0.1062	0.0193	0.9942
29236625	-4.1195	-0.1515	-1.1529	0.9943	0.0151	0.1055	-0.0130	0.9997	-0.0200	-0.1058	0.0185	0.9942
29236750	-4.1201	-0.1508	-1.1515	0.9943	0.0135	0.1056	-0.0116	0.9997	-0.0193	-0.1058	0.0179	0.9942
29236875	-4.1196	-0.1500	-1.1510	0.9944	0.0140	0.1048	-0.0119	0.9997	-0.0210	-0.1051	0.0196	0.9943
29237000	-4.1197	-0.1483	-1.1515	0.9943	0.0137	0.1055	-0.0115	0.9997	-0.0212	-0.1058	0.0198	0.9942
29237125	-4.1192	-0.1494	-1.1522	0.9943	0.0168	0.1054	-0.0147	0.9997	-0.0210	-0.1057	0.0193	0.9942
29237250	-4.1184	-0.1486	-1.1517	0.9942	0.0183	0.1057	-0.0161	0.9996	-0.0214	-0.1061	0.0196	0.9942
29237375	-4.1188	-0.1480	-1.1506	0.9943	0.0165	0.1052	-0.0143	0.9997	-0.0218	-0.1055	0.0201	0.9942
29237500	-4.1191	-0.1502	-1.1511	0.9943	0.0143	0.1053	-0.0119	0.9996	-0.0237	-0.1056	0.0223	0.9942
29237625	-4.1188	-0.1523	-1.1515	0.9943	0.0173	0.1049	-0.0147	0.9996	-0.0251	-0.1053	0.0234	0.9942
29237750	-4.1190	-0.1521	-1.1515	0.9943	0.0168	0.1054	-0.0143	0.9996	-0.0245	-0.1057	0.0229	0.9941
29237875	-4.1190	-0.1546	-1.1520	0.9942	0.0182	0.1056	-0.0160	0.9996	-0.0214	-0.1060	0.0196	0.9942
29238000	-4.1190	-0.1533	-1.1525	0.9942	0.0186	0.1056	-0.0165	0.9996	-0.0209	-0.1060	0.0190	0.9942
29238125	-4.1200	-0.1541	-1.1528	0.9943	0.0175	0.1052	-0.0154	0.9997	-0.0213	-0.1056	0.0196	0.9942
29238250	-4.1197	-0.1535	-1.1527	0.9943	0.0189	0.1048	-0.0168	0.9996	-0.0208	-0.1051	0.0189	0.9943
29238375	-4.1193	-0.1539	-1.1520	0.9942	0.0182	0.1057	-0.0161	0.9997	-0.0207	-0.1061	0.0189	0.9942
29238500	-4.1186	-0.1564	-1.1516	0.9942	0.0195	0.1060	-0.0174	0.9996	-0.0206	-0.1063	0.0187	0.9942
29238625	-4.1191	-0.1554	-1.1525	0.9943	0.0184	0.1050	-0.0162	0.9996	-0.0223	-0.1054	0.0204	0.9942
29238750	-4.1185	-0.1554	-1.1522	0.9942	0.0188	0.1055	-0.0167	0.9996	-0.0213	-0.1059	0.0194	0.9942
29238875	-4.1190	-0.1541	-1.1530	0.9943	0.0181	0.1049	-0.0160	0.9997	-0.0205	-0.1052	0.0187	0.9943
29239000	-4.1185	-0.1536	-1.1526	0.9942	0.0189	0.1054	-0.0169	0.9997	-0.0202	-0.1058	0.0183	0.9942
29239125	-4.1186	-0.1539	-1.1525	0.9943	0.0177	0.1053	-0.0157	0.9997	-0.0198	-0.1056	0.0181	0.9942
29239250	-4.1189	-0.1554	-1.1524	0.9944	0.0180	0.1045	-0.0160	0.9997	-0.0200	-0.1049	0.0182	0.9943
29239375	-4.1179	-0.1573	-1.1530	0.9943	0.0182	0.1049	-0.0162	0.9997	-0.0200	-0.1052	0.0182	0.9943
29239500	-4.1180	-0.1585	-1.1530	0.9944	0.0175	0.1045	-0.0153	0.9996	-0.0219	-0.1049	0.0202	0.9943
29239625	-4.1181	-0.1575	-1.1543	0.9944	0.0167	0.1048	-0.0145	0.9997	-0.0221	-0.1051	0.0205	0.9942
29239750	-4.1177	-0.1575	-1.1552	0.9944	0.0175	0.1046	-0.0153	0.9996	-0.0219	-0.1049	0.0202	0.9943
29239875	-4.1166	-0.1565	-1.1547	0.9944	0.0194	0.1042	-0.0174	0.9996	-0.0202	-0.1045	0.0182	0.9944
29240000	-4.1162	-0.1567	-1.1545	0.9944	0.0195	0.1040	-0.0175	0.9996	-0.0202	-0.1043	0.0183	0.9944
29240125	-4.1162	-0.1568	-1.1550	0.9943	0.0194	0.1049	-0.0172	0.9996	-0.0217	-0.1053	0.0198	0.9942
29240250	-4.1160	-0.1558	-1.1545	0.9944	0.0190	0.1044	-0.0170	0.9997	-0.0198	-0.1047	0.0179	0.9943
29240375	-4.1159	-0.1559	-1.1538	0.9944	0.0205	0.1036	-0.0185	0.9996	-0.0203	-0.1040	0.0183	0.9944
29240500	-4.1158	-0.1535	-1.1543	0.9943	0.0195	0.1048	-0.0176	0.9997	-0.0186	-0.1051	0.0166	0.9943
29240625	-4.1158	-0.1534	-1.1540	0.9944	0.0208	0.1037	-0.0189	0.9996	-0.0191	-0.1040	0.0171	0.9944
29240750	-4.1163	-0.1524	-1.1545	0.9944	0.0197	0.1037	-0.0177	0.9996	-0.0201	-0.1040	0.0181	0.9944
29240875	-4.1160	-0.1521	-1.1541	0.9943	0.0188	0.1045	-0.0167	0.9997	-0.0205	-0.1048	0.0186	0.9943
29241000	-4.1157	-0.1520	-1.1538	0.9944	0.0192	0.1041	-0.0172	0.9996	-0.0205	-0.1044	0.0186	0.9944
29241125	-4.1158	-0.1523	-1.1540	0.9944	0.0187	0.1041	-0.0166	0.9996	-0.0212	-0.1044	0.0194	0.9943
29241250	-4.1156	-0.1521	-1.1535	0.9944	0.0188	0.1040	-0.0167	0.9996	-0.0210	-0.1044	0.0191	0.9944
29241375	-4.1158	-0.1503	-1.1537	0.9944	0.0176	0.1039	-0.0155	0.9996	-0.0217	-0.1042	0.0200	0.9944
29241500	-4.1163	-0.1495	-1.1522	0.9944	0.0167	0.1040	-0.0146	0.9997	-0.0216	-0.1043	0.0199	0.9943
29241625	-4.1163	-0.1490	-1.1526	0.9945	0.0171	0.1034	-0.0150	0.9997	-0.0209	-0.1038	0.0192	0.9944
29241750	-4.1162	-0.1492	-1.1526	0.9944	0.0177	0.1044	-0.0155	0.9997	-0.0214	-0.1047	0.0196	0.9943
29241875	-4.1167	-0.1484	-1.1516	0.9944	0.0152	0.1042	-0.0130	0.9997	-0.0221	-0.1045	0.0207	0.9943
29242000	-4.1169	-0.1471	-1.1522	0.9945	0.0167	0.1037	-0.0146	0.9997	-0.0209	-0.1040	0.0193	0.9944
29242125	-4.1163	-0.1479	-1.1521	0.9945	0.0170	0.1033	-0.0149	0.9997	-0.0213	-0.1037	0.0197	0.9944
29242250	-4.1159	-0.1488	-1.1527	0.9945	0.0180	0.1031	-0.0161	0.9997	-0.0191	-0.1034	0.0173	0.9945
29242375	-4.1155	-0.1488	-1.1517	0.9944	0.0176	0.1042	-0.0155	0.9997	-0.0206	-0.1045	0.0189	0.9943
29242500	-4.1165	-0.1489	-1.1517	0.9944	0.0181	0.1041	-0.0161	0.9997	-0.0204	-0.1044	0.0186	0.9944
29242625	-4.1154	-0.1506	-1.1518	0.9944	0.0193	0.1036	-0.0174	0.9997	-0.0196	-0.1040	0.0177	0.9944
29242750	-4.1154	-0.1503	-1.1511	0.9944	0.0193	0.1038	-0.0175	0.9997	-0.0179	-0.1041	0.0160	0.9944
29242875	-4.1175	-0.1507	-1.1531	0.9943	0.0155	0.1052	-0.0138	0.9998	-0.0168	-0.1055	0.0153	0.9943
29243000	-4.1173	-0.1515	-1.1534	0.9943	0.0180	0.1055	-0.0162	0.9997	-0.0172	-0.1058	0.0154	0.9943
29243125	-4.1178	-0.1505	-1.1530	0.9943	0.0181	0.1048	-0.0163	0.9997	-0.0181	-0.1051	0.0162	0.9943
29243250	-4.1176	-0.1533	-1.1524	0.9943	0.0172	0.1055	-0.0154	0.9997	-0.0178	-0.1058	0.0161	0.9943
29243375	-4.1170	-0.1525	-1.1526	0.9941	0.0215	0.1060	-0.0195	0.9996	-0.0201	-0.1064	0.0179	0.9942
29243500	-4.1171	-0.1540	-1.1530	0.9942	0.0207	0.1057	-0.0189	0.9997	-0.0174	-0.1060	0.0153	0.9942
29243625	-4.1184	-0.1541	-1.1536	0.9941	0.0194	0.1065	-0.0176	0.9997	-0.0176	-0.1068	0.0156	0.9942
29243750	-4.1188	-0.1540	-1.1545	0.9941	0.0184	0.1069	-0.0166	0.9997	-0.0179	-0.1072	0.0161	0.9941
29243875	-4.1185	-0.1554	-1.1542	0.9940	0.0202	0.1071	-0.0184	0.9997	-0.0181	-0.1074	0.0160	0.9941
29244000	-4.1186	-0.1552	-1.1543	0.9941	0.0185	0.1072	-0.0167	0.9997	-0.0182	-0.1075	0.0163	0.9941
29244125	-4.1165	-0.1586	-1.1520	0.9942	0.0213	0.1053	-0.0197	0.9997	-0.0167	-0.1056	0.0146	0.9943
29244250	-4.1171	-0.1596	-1.1519	0.9942	0.0234	0.1053	-0.0218	0.9996	-0.0165	-0.1056	0.0141	0.9943
29244375	-4.1176	-0.1600	-1.1517	0.9941	0.0222	0.1061	-0.0206	0.9997	-0.0164	-0.1064	0.0142	0.9942
29244500	-4.1178	-0.1589	-1.1528	0.9941	0.0238	0.1059	-0.0221	0.9996	-0.0179	-0.1063	0.0155	0.9942
29244625	-4.1178	-0.1596	-1.1527	0.9941	0.0200	0.1062	-0.0181	0.9997	-0.0183	-0.1065	0.0162	0.9942
29244750	-4.1167	-0.1588	-1.1516	0.9943	0.0229	0.1040	-0.0211	0.9996	-0.0192	-0.1044	0.0169	0.9944
29244875	-4.1158	-0.1599	-1.1515	0.9943	0.0235	0.1037	-0.0217	0.9996	-0.0184	-0.1041	0.0161	0.9944
29245000	-4.1165	-0.1606	-1.1522	0.9943	0.0232	0.1045	-0.0213	0.9996	-0.0193	-0.1049	0.0170	0.9943
29245125	-4.1164	-0.1602	-1.1510	0.9943	0.0215	0.1049	-0.0196	0.9996	-0.0192	-0.1053	0.0171	0.9943
29245250	-4.1172	-0.1600	-1.1518	0.9942	0.0218	0.1054	-0.0197	0.9996	-0.0203	-0.1058	0.0181	0.9942
29245375	-4.1173	-0.1587	-1.1525	0.9941	0.0241	0.1053	-0.0221	0.9996	-0.0199	-0.1058	0.0174	0.9942
29245500	-4.1178	-0.1576	-1.1536	0.9942	0.0254	0.1043	-0.0236	0.9996	-0.0185	-0.1048	0.0160	0.9944
29245625	-4.1176	-0.1573	-1.1535	0.9941	0.0251	0.1056	-0.0232	0.9996	-0.0185	-0.1061	0.0159	0.9942
29245750	-4.1189	-0.1565	-1.1560	0.9940	0.0234	0.1071	-0.0216	0.9996	-0.0176	-0.1075	0.0152	0.9941
29245875	-4.1196	-0.1578	-1.1578	0.9940	0.0232	0.1070	-0.0215	0.9996	-0.0168	-0.1074	0.0144	0.9941
29246000	-4.1199	-0.1575	-1.1569	0.9940	0.0228	0.1070	-0.0209	0.9996	-0.0186	-0.1074	0.0163	0.9941
29246125	-4.1200	-0.1569	-1.1565	0.9940	0.0243	0.1066	-0.0224	0.9996	-0.0190	-0.1070	0.0165	0.9941
29246250	-4.1192	-0.1546	-1.1561	0.9940	0.0238	0.1065	-0.0219	0.9996	-0.0185	-0.1069	0.0161	0.9941
29246375	-4.1191	-0.1544	-1.1552	0.9940	0.0256	0.1059	-0.0237	0.9995	-0.0187	-0.1064	0.0161	0.9942
29246500	-4.1192	-0.1536	-1.1561	0.9940	0.0256	0.1065	-0.0237	0.9995	-0.0185	-0.1070	0.0159	0.9941
29246625	-4.1192	-0.1519	-1.1559	0.9940	0.0246	0.1063	-0.0228	0.9996	-0.0181	-0.1067	0.0155	0.9942
29246750	-4.1196	-0.1500	-1.1549	0.9941	0.0233	0.1058	-0.0214	0.9996	-0.0190	-0.1062	0.0166	0.9942
29246875	-4.1188	-0.1508	-1.1543	0.9941	0.0233	0.1055	-0.0213	0.9996	-0.0198	-0.1059	0.0175	0.9942
29247000	-4.1192	-0.1500	-1.1543	0.9942	0.0235	0.1051	-0.0213	0.9995	-0.0214	-0.1055	0.0190	0.9942
29247125	-4.1188	-0.1497	-1.1543	0.9942	0.0243	0.1051	-0.0219	0.9995	-0.0233	-0.1056	0.0209	0.9942
29247250	-4.1184	-0.1488	-1.1535	0.9943	0.0238	0.1039	-0.0217	0.9995	-0.0216	-0.1044	0.0193	0.9943
29247375	-4.1177	-0.1489	-1.1529	0.9942	0.0245	0.1048	-0.0225	0.9995	-0.0208	-0.1052	0.0183	0.9943
29247500	-4.1188	-0.1496	-1.1516	0.9943	0.0215	0.1044	-0.0194	0.9996	-0.0214	-0.1048	0.0192	0.9943
29247625	-4.1186	-0.1502	-1.1518	0.9943	0.0215	0.1047	-0.0196	0.9996	-0.0200	-0.1051	0.0178	0.9943
29247750	-4.1182	-0.1503	-1.1515	0.9942	0.0215	0.1052	-0.0194	0.9996	-0.0210	-0.1056	0.0189	0.9942
29247875	-4.1186	-0.1504	-1.1522	0.9943	0.0236	0.1040	-0.0215	0.9996	-0.0205	-0.1045	0.0181	0.9944
29248000	-4.1181	-0.1514	-1.1515	0.9941	0.0235	0.1056	-0.0212	0.9995	-0.0223	-0.1061	0.0199	0.9942
29248125	-4.1180	-0.1526	-1.1518	0.9942	0.0253	0.1041	-0.0231	0.9995	-0.0217	-0.1046	0.0192	0.9943
29248250	-4.1174	-0.1520	-1.1531	0.9941	0.0243	0.1054	-0.0220	0.9995	-0.0222	-0.1059	0.0197	0.9942
29248375	-4.1167	-0.1518	-1.1528	0.9940	0.0252	0.1060	-0.0231	0.9995	-0.0205	-0.1065	0.0180	0.9941
29248500	-4.1172	-0.1522	-1.1522	0.9941	0.0239	0.1061	-0.0220	0.9996	-0.0196	-0.1065	0.0172	0.9942
29248625	-4.1185	-0.1535	-1.1524	0.9942	0.0247	0.1051	-0.0227	0.9995	-0.0204	-0.1055	0.0179	0.9943
29248750	-4.1184	-0.1534	-1.1523	0.9942	0.0238	0.1048	-0.0219	0.9996	-0.0198	-0.1052	0.0174	0.9943
29248875	-4.1186	-0.1557	-1.1515	0.9943	0.0242	0.1040	-0.0222	0.9995	-0.0203	-0.1044	0.0178	0.9944
29249000	-4.1186	-0.1552	-1.1518	0.9942	0.0247	0.1048	-0.0227	0.9995	-0.0197	-0.1053	0.0172	0.9943
29249125	-4.1181	-0.1549	-1.1513	0.9942	0.0252	0.1044	-0.0232	0.9995	-0.0204	-0.1049	0.0178	0.9943
29249250	-4.1172	-0.1562	-1.1505	0.9942	0.0262	0.1048	-0.0242	0.9995	-0.0202	-0.1052	0.0176	0.9943
29249375	-4.1166	-0.1558	-1.1495	0.9942	0.0252	0.1049	-0.0232	0.9995	-0.0200	-0.1054	0.0174	0.9943
29249500	-4.1167	-0.1577	-1.1499	0.9942	0.0264	0.1045	-0.0244	0.9995	-0.0200	-0.1050	0.0173	0.9943
29249625	-4.1162	-0.1588	-1.1494	0.9941	0.0277	0.1046	-0.0256	0.9994	-0.0211	-0.1051	0.0183	0.9943
29249750	-4.1155	-0.1584	-1.1492	0.9942	0.0242	0.1047	-0.0223	0.9996	-0.0196	-0.1051	0.0171	0.9943
29249875	-4.1158	-0.1588	-1.1492	0.9941	0.0275	0.1047	-0.0256	0.9995	-0.0196	-0.1052	0.0168	0.9943
29250000	-4.1145	-0.1590	-1.1489	0.9942	0.0265	0.1046	-0.0245	0.9995	-0.0198	-0.1051	0.0171	0.9943
29250125	-4.1151	-0.1597	-1.1480	0.9941	0.0268	0.1052	-0.0249	0.9995	-0.0198	-0.1057	0.0170	0.9943
29250250	-4.1150	-0.1595	-1.1481	0.9942	0.0253	0.1050	-0.0235	0.9996	-0.0185	-0.1054	0.0159	0.9943
29250375	-4.1148	-0.1587	-1.1482	0.9941	0.0262	0.1055	-0.0244	0.9995	-0.0178	-0.1059	0.0151	0.9943
29250500	-4.1150	-0.1588	-1.1485	0.9941	0.0274	0.1051	-0.0256	0.9995	-0.0178	-0.1055	0.0150	0.9943
29250625	-4.1148	-0.1587	-1.1482	0.9941	0.0265	0.1055	-0.0247	0.9995	-0.0182	-0.1059	0.0154	0.9943
29250750	-4.1146	-0.1570	-1.1486	0.9941	0.0286	0.1048	-0.0270	0.9995	-0.0170	-0.1052	0.0140	0.9943
29250875	-4.1151	-0.1562	-1.1481	0.9941	0.0277	0.1051	-0.0261	0.9995	-0.0172	-0.1055	0.0143	0.9943
29251000	-4.1140	-0.1576	-1.1477	0.9941	0.0271	0.1055	-0.0254	0.9995	-0.0174	-0.1059	0.0147	0.9943
29251125	-4.1145	-0.1579	-1.1476	0.9941	0.0267	0.1048	-0.0251	0.9995	-0.0169	-0.1052	0.0141	0.9943
29251250	-4.1144	-0.1571	-1.1473	0.9942	0.0275	0.1044	-0.0259	0.9995	-0.0167	-0.1049	0.0139	0.9944
29251375	-4.1149	-0.1567	-1.1485	0.9941	0.0263	0.1048	-0.0247	0.9996	-0.0164	-0.1052	0.0137	0.9944
29251500	-4.1148	-0.1550	-1.1494	0.9941	0.0273	0.1051	-0.0256	0.9995	-0.0178	-0.1055	0.0150	0.9943
29251625	-4.1154	-0.1548	-1.1496	0.9941	0.0250	0.1051	-0.0233	0.9996	-0.0182	-0.1055	0.0157	0.9943
29251750	-4.1152	-0.1542	-1.1502	0.9941	0.0274	0.1045	-0.0256	0.9995	-0.0186	-0.1050	0.0158	0.9943
29251875	-4.1149	-0.1528	-1.1498	0.9941	0.0285	0.1051	-0.0266	0.9995	-0.0190	-0.1056	0.0161	0.9943
29252000	-4.1152	-0.1539	-1.1506	0.9941	0.0266	0.1048	-0.0247	0.9995	-0.0189	-0.1053	0.0162	0.9943
29252125	-4.1152	-0.1538	-1.1507	0.9941	0.0263	0.1048	-0.0244	0.9995	-0.0189	-0.1052	0.0162	0.9943
29252250	-4.1150	-0.1530	-1.1497	0.9943	0.0270	0.1032	-0.0253	0.9995	-0.0171	-0.1036	0.0144	0.9945
29252375	-4.1150	-0.1524	-1.1511	0.9944	0.0248	0.1029	-0.0233	0.9996	-0.0158	-0.1033	0.0133	0.9946
29252500	-4.1144	-0.1522	-1.1509	0.9942	0.0257	0.1041	-0.0241	0.9996	-0.0167	-0.1045	0.0141	0.9944
29252625	-4.1125	-0.1512	-1.1507	0.9941	0.0258	0.1053	-0.0242	0.9996	-0.0160	-0.1057	0.0133	0.9943
29252750	-4.1140	-0.1525	-1.1512	0.9943	0.0246	0.1042	-0.0230	0.9996	-0.0162	-0.1045	0.0137	0.9944
29252875	-4.1141	-0.1533	-1.1510	0.9943	0.0260	0.1036	-0.0243	0.9995	-0.0176	-0.1040	0.0149	0.9945
29253000	-4.1134	-0.1535	-1.1504	0.9943	0.0247	0.1038	-0.0232	0.9996	-0.0159	-0.1042	0.0134	0.9945
29253125	-4.1137	-0.1539	-1.1505	0.9943	0.0260	0.1035	-0.0245	0.9996	-0.0161	-0.1039	0.0134	0.9945
29253250	-4.1135	-0.1541	-1.1499	0.9943	0.0248	0.1040	-0.0232	0.9996	-0.0165	-0.1044	0.0140	0.9944
29253375	-4.1140	-0.1542	-1.1513	0.9942	0.0282	0.1037	-0.0266	0.9995	-0.0168	-0.1041	0.0140	0.9945
29253500	-4.1141	-0.1528	-1.1522	0.9942	0.0274	0.1037	-0.0258	0.9995	-0.0174	-0.1041	0.0146	0.9945
29253625	-4.1139	-0.1544	-1.1512	0.9942	0.0278	0.1036	-0.0262	0.9995	-0.0165	-0.1040	0.0137	0.9945
29253750	-4.1139	-0.1554	-1.1510	0.9943	0.0271	0.1027	-0.0257	0.9995	-0.0157	-0.1030	0.0130	0.9946
29253875	-4.1132	-0.1564	-1.1506	0.9943	0.0286	0.1030	-0.0271	0.9995	-0.0161	-0.1034	0.0132	0.9946
29254000	-4.1133	-0.1571	-1.1497	0.9943	0.0271	0.1032	-0.0256	0.9995	-0.0161	-0.1036	0.0134	0.9945
29254125	-4.1134	-0.1576	-1.1492	0.9944	0.0261	0.1027	-0.0246	0.9996	-0.0160	-0.1031	0.0133	0.9946
29254250	-4.1133	-0.1571	-1.1492	0.9943	0.0259	0.1031	-0.0244	0.9996	-0.0150	-0.1035	0.0124	0.9946
29254375	-4.1133	-0.1591	-1.1484	0.9944	0.0238	0.1032	-0.0224	0.9996	-0.0150	-0.1035	0.0126	0.9946
29254500	-4.1130	-0.1597	-1.1481	0.9943	0.0254	0.1038	-0.0239	0.9996	-0.0153	-0.1041	0.0127	0.9945
29254625	-4.1136	-0.1610	-1.1474	0.9943	0.0270	0.1029	-0.0257	0.9996	-0.0142	-0.1032	0.0115	0.9946
29254750	-4.1135	-0.1623	-1.1464	0.9944	0.0258	0.1028	-0.0244	0.9996	-0.0144	-0.1032	0.0118	0.9946
29254875	-4.1138	-0.1633	-1.1461	0.9943	0.0259	0.1029	-0.0245	0.9996	-0.0145	-0.1033	0.0119	0.9946
29255000	-4.1141	-0.1623	-1.1468	0.9943	0.0258	0.1030	-0.0244	0.9996	-0.0146	-0.1033	0.0120	0.9946
29255125	-4.1129	-0.1628	-1.1458	0.9943	0.0261	0.1036	-0.0248	0.9996	-0.0145	-0.1040	0.0118	0.9945
29255250	-4.1132	-0.1645	-1.1462	0.9943	0.0248	0.1039	-0.0234	0.9996	-0.0144	-0.1042	0.0119	0.9945
29255375	-4.1120	-0.1667	-1.1441	0.9942	0.0232	0.1048	-0.0219	0.9997	-0.0136	-0.1051	0.0112	0.9944
29255500	-4.1134	-0.1678	-1.1444	0.9944	0.0216	0.1036	-0.0202	0.9997	-0.0143	-0.1039	0.0122	0.9945
29255625	-4.1132	-0.1695	-1.1433	0.9944	0.0207	0.1035	-0.0194	0.9997	-0.0134	-0.1037	0.0113	0.9945
29255750	-4.1130	-0.1702	-1.1423	0.9944	0.0204	0.1038	-0.0192	0.9997	-0.0131	-0.1041	0.0110	0.9945
29255875	-4.1127	-0.1713	-1.1429	0.9944	0.0201	0.1037	-0.0187	0.9997	-0.0145	-0.1039	0.0125	0.9945
29256000	-4.1128	-0.1708	-1.1425	0.9944	0.0216	0.1037	-0.0203	0.9997	-0.0137	-0.1039	0.0115	0.9945
29256125	-4.1123	-0.1704	-1.1416	0.9944	0.0215	0.1038	-0.0202	0.9997	-0.0141	-0.1040	0.0119	0.9945
29256250	-4.1120	-0.1718	-1.1415	0.9944	0.0221	0.1036	-0.0207	0.9997	-0.0137	-0.1038	0.0115	0.9945
29256375	-4.1119	-0.1715	-1.1422	0.9944	0.0234	0.1031	-0.0223	0.9997	-0.0122	-0.1034	0.0098	0.9946
29256500	-4.1129	-0.1725	-1.1419	0.9945	0.0226	0.1025	-0.0213	0.9997	-0.0140	-0.1028	0.0117	0.9946
29256625	-4.1123	-0.1723	-1.1414	0.9945	0.0242	0.1022	-0.0231	0.9997	-0.0120	-0.1025	0.0096	0.9947
29256750	-4.1119	-0.1708	-1.1422	0.9945	0.0238	0.1022	-0.0228	0.9997	-0.0112	-0.1024	0.0088	0.9947
29256875	-4.1109	-0.1718	-1.1410	0.9943	0.0243	0.1038	-0.0230	0.9996	-0.0144	-0.1041	0.0119	0.9945
29257000	-4.1106	-0.1704	-1.1418	0.9944	0.0213	0.1031	-0.0201	0.9997	-0.0126	-0.1034	0.0105	0.9946
29257125	-4.1113	-0.1686	-1.1418	0.9944	0.0241	0.1030	-0.0229	0.9997	-0.0126	-0.1033	0.0102	0.9946
29257375	-4.1142	-0.1612	-1.1462	0.9941	0.0346	0.1026	-0.0328	0.9993	-0.0193	-0.1032	0.0158	0.9945
29257500	-4.1157	-0.1549	-1.1506	0.9944	0.0246	0.1032	-0.0224	0.9995	-0.0221	-0.1037	0.0197	0.9944
29257625	-4.1158	-0.1532	-1.1528	0.9942	0.0242	0.1049	-0.0217	0.9994	-0.0252	-0.1054	0.0228	0.9942
29257750	-4.1161	-0.1525	-1.1543	0.9942	0.0235	0.1048	-0.0214	0.9996	-0.0210	-0.1053	0.0186	0.9943
29257875	-4.1149	-0.1529	-1.1537	0.9942	0.0250	0.1046	-0.0228	0.9995	-0.0228	-0.1051	0.0203	0.9943
29258000	-4.1162	-0.1518	-1.1550	0.9942	0.0288	0.1039	-0.0267	0.9994	-0.0220	-0.1045	0.0191	0.9943
29258125	-4.1163	-0.1515	-1.1555	0.9943	0.0263	0.1038	-0.0242	0.9995	-0.0213	-0.1043	0.0187	0.9944
29258250	-4.1156	-0.1512	-1.1561	0.9942	0.0260	0.1047	-0.0239	0.9995	-0.0219	-0.1053	0.0193	0.9943
29258375	-4.1160	-0.1513	-1.1572	0.9942	0.0267	0.1039	-0.0246	0.9995	-0.0221	-0.1045	0.0194	0.9943
29258500	-4.1156	-0.1491	-1.1581	0.9941	0.0285	0.1047	-0.0261	0.9994	-0.0247	-0.1054	0.0218	0.9942
29258625	-4.1157	-0.1487	-1.1568	0.9941	0.0278	0.1048	-0.0254	0.9994	-0.0243	-0.1054	0.0215	0.9942
29258750	-4.1159	-0.1477	-1.1576	0.9941	0.0265	0.1048	-0.0243	0.9995	-0.0222	-0.1054	0.0195	0.9942
29258875	-4.1160	-0.1481	-1.1568	0.9941	0.0268	0.1049	-0.0246	0.9994	-0.0231	-0.1054	0.0204	0.9942
29259000	-4.1170	-0.1472	-1.1583	0.9942	0.0272	0.1038	-0.0252	0.9995	-0.0205	-0.1043	0.0177	0.9944
29259125	-4.1175	-0.1467	-1.1588	0.9942	0.0257	0.1042	-0.0237	0.9995	-0.0203	-0.1047	0.0177	0.9943
29259250	-4.1175	-0.1458	-1.1607	0.9943	0.0258	0.1037	-0.0241	0.9995	-0.0180	-0.1041	0.0154	0.9944
29259375	-4.1172	-0.1455	-1.1591	0.9943	0.0256	0.1039	-0.0239	0.9996	-0.0174	-0.1043	0.0149	0.9944
29259500	-4.1174	-0.1449	-1.1596	0.9943	0.0245	0.1041	-0.0228	0.9996	-0.0179	-0.1045	0.0155	0.9944
29259625	-4.1177	-0.1465	-1.1593	0.9944	0.0249	0.1032	-0.0229	0.9995	-0.0203	-0.1036	0.0179	0.9945
29259750	-4.1173	-0.1472	-1.1586	0.9943	0.0250	0.1039	-0.0229	0.9995	-0.0216	-0.1044	0.0191	0.9944
29259875	-4.1171	-0.1484	-1.1575	0.9943	0.0258	0.1033	-0.0239	0.9995	-0.0200	-0.1038	0.0174	0.9944
29260000	-4.1167	-0.1513	-1.1554	0.9942	0.0258	0.1040	-0.0240	0.9996	-0.0178	-0.1044	0.0152	0.9944
29260125	-4.1165	-0.1503	-1.1540	0.9944	0.0260	0.1023	-0.0245	0.9996	-0.0162	-0.1027	0.0136	0.9946
29260250	-4.1161	-0.1524	-1.1521	0.9946	0.0168	0.1023	-0.0154	0.9998	-0.0139	-0.1025	0.0123	0.9947
29260375	-4.1154	-0.1508	-1.1507	0.9947	0.0207	0.1008	-0.0194	0.9997	-0.0138	-0.1011	0.0117	0.9948
29260500	-4.1185	-0.1484	-1.1552	0.9942	0.0240	0.1051	-0.0222	0.9996	-0.0182	-0.1055	0.0158	0.9943
29260625	-4.1183	-0.1496	-1.1551	0.9944	0.0213	0.1039	-0.0198	0.9997	-0.0158	-0.1042	0.0136	0.9945
29260750	-4.1182	-0.1470	-1.1558	0.9941	0.0206	0.1068	-0.0187	0.9997	-0.0180	-0.1071	0.0159	0.9941
29260875	-4.1176	-0.1473	-1.1582	0.9941	0.0259	0.1049	-0.0241	0.9995	-0.0180	-0.1053	0.0154	0.9943
29261000	-4.1171	-0.1449	-1.1591	0.9939	0.0332	0.1054	-0.0315	0.9993	-0.0181	-0.1059	0.0147	0.9943
29261125	-4.1181	-0.1481	-1.1587	0.9938	0.0362	0.1050	-0.0340	0.9992	-0.0233	-0.1057	0.0196	0.9942
29261250	-4.1179	-0.1518	-1.1565	0.9941	0.0254	0.1056	-0.0233	0.9995	-0.0204	-0.1060	0.0178	0.9942
29261375	-4.1178	-0.1527	-1.1546	0.9942	0.0233	0.1048	-0.0214	0.9996	-0.0191	-0.1052	0.0168	0.9943
29261500	-4.1157	-0.1524	-1.1527	0.9945	0.0208	0.1030	-0.0188	0.9996	-0.0203	-0.1034	0.0183	0.9945
29261625	-4.1172	-0.1546	-1.1525	0.9944	0.0217	0.1038	-0.0198	0.9996	-0.0199	-0.1042	0.0177	0.9944
29261750	-4.1172	-0.1529	-1.1549	0.9941	0.0274	0.1050	-0.0255	0.9995	-0.0199	-0.1055	0.0171	0.9943
29261875	-4.1166	-0.1555	-1.1548	0.9941	0.0298	0.1039	-0.0279	0.9994	-0.0203	-0.1044	0.0173	0.9944
29262000	-4.1168	-0.1543	-1.1545	0.9943	0.0241	0.1037	-0.0224	0.9996	-0.0174	-0.1041	0.0150	0.9945
29262125	-4.1170	-0.1549	-1.1527	0.9942	0.0243	0.1043	-0.0226	0.9996	-0.0173	-0.1047	0.0148	0.9944
29262250	-4.1165	-0.1557	-1.1524	0.9944	0.0256	0.1027	-0.0239	0.9996	-0.0173	-0.1031	0.0147	0.9946
29262375	-4.1163	-0.1564	-1.1520	0.9942	0.0276	0.1038	-0.0259	0.9995	-0.0172	-0.1042	0.0144	0.9944
29262500	-4.1164	-0.1569	-1.1532	0.9943	0.0246	0.1035	-0.0230	0.9996	-0.0166	-0.1038	0.0141	0.9945
29262625	-4.1158	-0.1566	-1.1536	0.9943	0.0267	0.1036	-0.0251	0.9995	-0.0173	-0.1040	0.0146	0.9945
29262750	-4.1162	-0.1570	-1.1533	0.9943	0.0276	0.1034	-0.0259	0.9995	-0.0177	-0.1038	0.0149	0.9945
29262875	-4.1153	-0.1579	-1.1527	0.9942	0.0281	0.1037	-0.0263	0.9995	-0.0185	-0.1042	0.0157	0.9944
29263000	-4.1151	-0.1585	-1.1526	0.9942	0.0253	0.1045	-0.0236	0.9996	-0.0173	-0.1049	0.0147	0.9944
29263125	-4.1152	-0.1602	-1.1513	0.9943	0.0261	0.1031	-0.0244	0.9995	-0.0176	-0.1035	0.0150	0.9945
29263250	-4.1152	-0.1606	-1.1519	0.9942	0.0270	0.1038	-0.0253	0.9995	-0.0183	-0.1042	0.0155	0.9944
29263375	-4.1150	-0.1623	-1.1510	0.9943	0.0264	0.1030	-0.0247	0.9995	-0.0177	-0.1034	0.0151	0.9945
29263500	-4.1144	-0.1646	-1.1507	0.9943	0.0253	0.1036	-0.0234	0.9995	-0.0193	-0.1040	0.0168	0.9944
29263625	-4.1138	-0.1660	-1.1491	0.9944	0.0251	0.1031	-0.0233	0.9995	-0.0192	-0.1036	0.0167	0.9945
29263750	-4.1135	-0.1660	-1.1497	0.9943	0.0271	0.1033	-0.0251	0.9995	-0.0211	-0.1038	0.0184	0.9944
29263875	-4.1124	-0.1673	-1.1494	0.9942	0.0269	0.1040	-0.0248	0.9995	-0.0215	-0.1045	0.0188	0.9943
29264000	-4.1124	-0.1651	-1.1498	0.9942	0.0273	0.1040	-0.0255	0.9995	-0.0187	-0.1045	0.0159	0.9944
29264125	-4.1125	-0.1648	-1.1506	0.9942	0.0293	0.1036	-0.0274	0.9994	-0.0200	-0.1041	0.0170	0.9944
29264250	-4.1125	-0.1645	-1.1510	0.9943	0.0284	0.1030	-0.0267	0.9995	-0.0184	-0.1034	0.0155	0.9945
29264375	-4.1121	-0.1655	-1.1506	0.9943	0.0284	0.1031	-0.0266	0.9995	-0.0190	-0.1036	0.0161	0.9945
29264500	-4.1120	-0.1636	-1.1503	0.9943	0.0277	0.1031	-0.0260	0.9995	-0.0180	-0.1036	0.0152	0.9945
29264625	-4.1113	-0.1644	-1.1501	0.9943	0.0274	0.1033	-0.0256	0.9995	-0.0185	-0.1037	0.0157	0.9945
29264750	-4.1109	-0.1638	-1.1500	0.9943	0.0288	0.1030	-0.0269	0.9994	-0.0200	-0.1035	0.0171	0.9945
29264875	-4.1105	-0.1643	-1.1501	0.9942	0.0299	0.1030	-0.0279	0.9994	-0.0205	-0.1035	0.0175	0.9945
29265000	-4.1102	-0.1641	-1.1506	0.9942	0.0293	0.1033	-0.0273	0.9994	-0.0201	-0.1038	0.0171	0.9945
29265125	-4.1102	-0.1635	-1.1504	0.9942	0.0287	0.1034	-0.0268	0.9994	-0.0196	-0.1039	0.0168	0.9944
29265250	-4.1095	-0.1616	-1.1510	0.9942	0.0275	0.1041	-0.0257	0.9995	-0.0185	-0.1046	0.0157	0.9944
29265375	-4.1097	-0.1618	-1.1505	0.9942	0.0290	0.1035	-0.0272	0.9995	-0.0186	-0.1040	0.0157	0.9945
29265500	-4.1096	-0.1611	-1.1510	0.9943	0.0285	0.1029	-0.0266	0.9995	-0.0193	-0.1034	0.0165	0.9945
29265625	-4.1096	-0.1610	-1.1511	0.9942	0.0287	0.1038	-0.0267	0.9994	-0.0201	-0.1044	0.0172	0.9944
29265750	-4.1087	-0.1595	-1.1498	0.9940	0.0330	0.1041	-0.0308	0.9993	-0.0226	-0.1048	0.0192	0.9943
29265875	-4.1093	-0.1581	-1.1503	0.9941	0.0318	0.1036	-0.0297	0.9993	-0.0218	-0.1042	0.0186	0.9944
29266000	-4.1099	-0.1575	-1.1503	0.9940	0.0335	0.1037	-0.0313	0.9993	-0.0226	-0.1043	0.0192	0.9944
29266125	-4.1097	-0.1570	-1.1501	0.9942	0.0313	0.1033	-0.0294	0.9994	-0.0204	-0.1038	0.0173	0.9944
29266250	-4.1101	-0.1570	-1.1506	0.9942	0.0326	0.1025	-0.0306	0.9993	-0.0212	-0.1031	0.0179	0.9945
29266375	-4.1096	-0.1575	-1.1503	0.9941	0.0321	0.1035	-0.0301	0.9993	-0.0214	-0.1041	0.0182	0.9944
29266500	-4.1100	-0.1560	-1.1502	0.9942	0.0322	0.1027	-0.0302	0.9993	-0.0211	-0.1033	0.0179	0.9945
29266625	-4.1107	-0.1552	-1.1507	0.9942	0.0332	0.1027	-0.0315	0.9993	-0.0187	-0.1032	0.0153	0.9945
29266750	-4.1097	-0.1542	-1.1501	0.9941	0.0334	0.1035	-0.0316	0.9993	-0.0186	-0.1041	0.0153	0.9945
29266875	-4.1091	-0.1553	-1.1493	0.9941	0.0318	0.1040	-0.0300	0.9994	-0.0190	-0.1046	0.0157	0.9944
29267000	-4.1092	-0.1557	-1.1495	0.9940	0.0332	0.1041	-0.0312	0.9993	-0.0206	-0.1047	0.0173	0.9944
29267125	-4.1093	-0.1560	-1.1495	0.9940	0.0330	0.1039	-0.0311	0.9993	-0.0195	-0.1045	0.0162	0.9944
29267250	-4.1097	-0.1565	-1.1498	0.9941	0.0330	0.1038	-0.0312	0.9993	-0.0196	-0.1044	0.0162	0.9944
29267375	-4.1099	-0.1567	-1.1503	0.9941	0.0337	0.1035	-0.0318	0.9993	-0.0199	-0.1041	0.0165	0.9944
29267500	-4.1097	-0.1577	-1.1494	0.9941	0.0324	0.1035	-0.0305	0.9993	-0.0197	-0.1041	0.0165	0.9944
29267625	-4.1094	-0.1577	-1.1494	0.9940	0.0327	0.1039	-0.0308	0.9993	-0.0198	-0.1045	0.0165	0.9944
29267750	-4.1096	-0.1572	-1.1495	0.9941	0.0322	0.1037	-0.0304	0.9994	-0.0186	-0.1043	0.0153	0.9944
29267875	-4.1092	-0.1573	-1.1495	0.9940	0.0332	0.1039	-0.0314	0.9993	-0.0189	-0.1044	0.0155	0.9944
29268000	-4.1088	-0.1586	-1.1487	0.9940	0.0331	0.1042	-0.0312	0.9993	-0.0198	-0.1048	0.0164	0.9944
29268125	-4.1085	-0.1582	-1.1493	0.9939	0.0339	0.1046	-0.0318	0.9993	-0.0210	-0.1052	0.0175	0.9943
29268250	-4.1084	-0.1580	-1.1489	0.9940	0.0330	0.1042	-0.0311	0.9993	-0.0197	-0.1048	0.0164	0.9944
29268375	-4.1089	-0.1577	-1.1493	0.9941	0.0327	0.1036	-0.0310	0.9994	-0.0183	-0.1041	0.0150	0.9945
29268500	-4.1092	-0.1580	-1.1488	0.9941	0.0334	0.1035	-0.0315	0.9993	-0.0196	-0.1040	0.0163	0.9944
29268625	-4.1097	-0.1571	-1.1490	0.9942	0.0325	0.1027	-0.0308	0.9994	-0.0182	-0.1032	0.0149	0.9945
29268750	-4.1088	-0.1579	-1.1487	0.9941	0.0329	0.1037	-0.0310	0.9993	-0.0194	-0.1042	0.0160	0.9944
29268875	-4.1090	-0.1577	-1.1488	0.9941	0.0330	0.1030	-0.0312	0.9993	-0.0187	-0.1036	0.0154	0.9945
29269000	-4.1086	-0.1575	-1.1484	0.9941	0.0329	0.1036	-0.0312	0.9993	-0.0187	-0.1042	0.0154	0.9944
29269125	-4.1086	-0.1579	-1.1489	0.9941	0.0323	0.1033	-0.0304	0.9993	-0.0198	-0.1038	0.0165	0.9945
29269250	-4.1087	-0.1569	-1.1491	0.9942	0.0316	0.1029	-0.0300	0.9994	-0.0178	-0.1034	0.0146	0.9945
29269375	-4.1077	-0.1573	-1.1481	0.9941	0.0317	0.1036	-0.0300	0.9994	-0.0179	-0.1041	0.0146	0.9945
29269500	-4.1073	-0.1581	-1.1486	0.9941	0.0313	0.1040	-0.0295	0.9994	-0.0195	-0.1046	0.0163	0.9944
29269625	-4.1077	-0.1568	-1.1491	0.9941	0.0322	0.1036	-0.0304	0.9994	-0.0184	-0.1042	0.0151	0.9944
29269750	-4.1073	-0.1563	-1.1491	0.9941	0.0326	0.1038	-0.0308	0.9994	-0.0182	-0.1043	0.0149	0.9944
29269875	-4.1079	-0.1559	-1.1488	0.9940	0.0336	0.1038	-0.0317	0.9993	-0.0197	-0.1044	0.0163	0.9944
29270000	-4.1071	-0.1560	-1.1492	0.9941	0.0312	0.1041	-0.0293	0.9994	-0.0197	-0.1046	0.0165	0.9944
29270125	-4.1072	-0.1548	-1.1485	0.9941	0.0319	0.1039	-0.0301	0.9994	-0.0188	-0.1044	0.0155	0.9944
29270250	-4.1068	-0.1553	-1.1490	0.9940	0.0325	0.1043	-0.0305	0.9993	-0.0204	-0.1049	0.0171	0.9943
29270375	-4.1067	-0.1548	-1.1491	0.9940	0.0311	0.1045	-0.0292	0.9994	-0.0194	-0.1051	0.0162	0.9943
29270500	-4.1068	-0.1544	-1.1490	0.9941	0.0320	0.1038	-0.0301	0.9994	-0.0196	-0.1044	0.0164	0.9944
29270625	-4.1070	-0.1531	-1.1490	0.9941	0.0326	0.1035	-0.0307	0.9993	-0.0198	-0.1041	0.0165	0.9944
29270750	-4.1069	-0.1537	-1.1493	0.9941	0.0317	0.1041	-0.0299	0.9994	-0.0193	-0.1047	0.0161	0.9944
29270875	-4.1069	-0.1540	-1.1495	0.9941	0.0323	0.1035	-0.0304	0.9993	-0.0201	-0.1041	0.0168	0.9944
29271000	-4.1066	-0.1548	-1.1488	0.9940	0.0324	0.1045	-0.0305	0.9993	-0.0194	-0.1051	0.0160	0.9943
29271125	-4.1065	-0.1547	-1.1492	0.9941	0.0313	0.1037	-0.0294	0.9994	-0.0193	-0.1042	0.0162	0.9944
29271250	-4.1065	-0.1550	-1.1480	0.9941	0.0308	0.1040	-0.0288	0.9994	-0.0203	-0.1046	0.0172	0.9944
29271375	-4.1062	-0.1548	-1.1482	0.9941	0.0310	0.1041	-0.0292	0.9994	-0.0189	-0.1046	0.0157	0.9944
29271500	-4.1058	-0.1541	-1.1490	0.9941	0.0303	0.1042	-0.0284	0.9994	-0.0195	-0.1047	0.0164	0.9944
29271625	-4.1064	-0.1541	-1.1480	0.9941	0.0316	0.1040	-0.0297	0.9994	-0.0196	-0.1046	0.0164	0.9944
29271750	-4.1059	-0.1551	-1.1485	0.9940	0.0321	0.1043	-0.0302	0.9993	-0.0202	-0.1049	0.0169	0.9943
29271875	-4.1062	-0.1540	-1.1475	0.9941	0.0325	0.1036	-0.0307	0.9993	-0.0197	-0.1042	0.0164	0.9944
29272000	-4.1062	-0.1528	-1.1479	0.9941	0.0316	0.1042	-0.0299	0.9994	-0.0185	-0.1047	0.0153	0.9944
29272125	-4.1067	-0.1520	-1.1479	0.9941	0.0323	0.1033	-0.0305	0.9994	-0.0187	-0.1039	0.0154	0.9945
29272250	-4.1069	-0.1532	-1.1472	0.9941	0.0311	0.1037	-0.0292	0.9994	-0.0199	-0.1043	0.0167	0.9944
29272375	-4.1072	-0.1523	-1.1484	0.9942	0.0321	0.1026	-0.0301	0.9993	-0.0202	-0.1032	0.0170	0.9945
29272500	-4.1071	-0.1521	-1.1465	0.9942	0.0308	0.1031	-0.0289	0.9994	-0.0199	-0.1037	0.0168	0.9945
29272625	-4.1066	-0.1513	-1.1467	0.9940	0.0342	0.1038	-0.0324	0.9993	-0.0189	-0.1044	0.0154	0.9944
29272750	-4.1063	-0.1510	-1.1465	0.9940	0.0322	0.1045	-0.0304	0.9994	-0.0183	-0.1050	0.0150	0.9944
29272875	-4.1076	-0.1511	-1.1464	0.9942	0.0319	0.1030	-0.0301	0.9994	-0.0189	-0.1036	0.0157	0.9945
29273000	-4.1079	-0.1489	-1.1460	0.9942	0.0321	0.1030	-0.0305	0.9994	-0.0167	-0.1035	0.0135	0.9945
29273125	-4.1065	-0.1495	-1.1457	0.9940	0.0318	0.1044	-0.0301	0.9994	-0.0179	-0.1049	0.0147	0.9944
29273250	-4.1069	-0.1489	-1.1465	0.9941	0.0306	0.1042	-0.0290	0.9994	-0.0173	-0.1046	0.0142	0.9944
29273375	-4.1077	-0.1495	-1.1464	0.9941	0.0322	0.1034	-0.0305	0.9994	-0.0181	-0.1039	0.0148	0.9945
29273500	-4.1078	-0.1488	-1.1466	0.9941	0.0314	0.1035	-0.0296	0.9994	-0.0185	-0.1040	0.0153	0.9945
29273625	-4.1079	-0.1488	-1.1465	0.9941	0.0325	0.1036	-0.0307	0.9994	-0.0186	-0.1041	0.0154	0.9944
29273750	-4.1085	-0.1476	-1.1456	0.9942	0.0314	0.1032	-0.0298	0.9994	-0.0169	-0.1037	0.0137	0.9945
29273875	-4.1083	-0.1482	-1.1465	0.9941	0.0317	0.1033	-0.0300	0.9994	-0.0179	-0.1038	0.0147	0.9945
29274000	-4.1085	-0.1482	-1.1466	0.9942	0.0318	0.1029	-0.0302	0.9994	-0.0169	-0.1034	0.0137	0.9945
29274125	-4.1082	-0.1477	-1.1462	0.9941	0.0326	0.1037	-0.0309	0.9994	-0.0175	-0.1042	0.0142	0.9945
29274250	-4.1080	-0.1475	-1.1467	0.9941	0.0328	0.1034	-0.0313	0.9994	-0.0162	-0.1039	0.0129	0.9945
29274375	-4.1084	-0.1487	-1.1468	0.9941	0.0326	0.1033	-0.0309	0.9994	-0.0180	-0.1038	0.0147	0.9945
29274500	-4.1087	-0.1493	-1.1470	0.9942	0.0314	0.1030	-0.0298	0.9994	-0.0176	-0.1035	0.0144	0.9945
29274625	-4.1079	-0.1499	-1.1472	0.9940	0.0331	0.1040	-0.0313	0.9993	-0.0184	-0.1045	0.0150	0.9944
29274750	-4.1081	-0.1495	-1.1479	0.9940	0.0329	0.1041	-0.0312	0.9994	-0.0172	-0.1046	0.0139	0.9944
29274875	-4.1081	-0.1492	-1.1476	0.9940	0.0330	0.1039	-0.0314	0.9994	-0.0171	-0.1044	0.0138	0.9944
29275000	-4.1089	-0.1500	-1.1479	0.9941	0.0330	0.1030	-0.0315	0.9994	-0.0170	-0.1035	0.0136	0.9945
29275125	-4.1078	-0.1508	-1.1484	0.9940	0.0327	0.1044	-0.0311	0.9994	-0.0178	-0.1049	0.0145	0.9944
29275250	-4.1074	-0.1511	-1.1479	0.9939	0.0344	0.1047	-0.0326	0.9993	-0.0183	-0.1053	0.0148	0.9943
29275375	-4.1086	-0.1517	-1.1486	0.9940	0.0329	0.1039	-0.0313	0.9994	-0.0173	-0.1044	0.0139	0.9944
29275500	-4.1084	-0.1512	-1.1491	0.9941	0.0329	0.1037	-0.0314	0.9994	-0.0169	-0.1042	0.0136	0.9945
29275625	-4.1088	-0.1513	-1.1499	0.9941	0.0331	0.1034	-0.0314	0.9994	-0.0172	-0.1039	0.0138	0.9945
29275750	-4.1093	-0.1511	-1.1495	0.9941	0.0333	0.1031	-0.0317	0.9993	-0.0175	-0.1036	0.0141	0.9945
29275875	-4.1084	-0.1512	-1.1497	0.9940	0.0340	0.1040	-0.0324	0.9993	-0.0171	-0.1046	0.0136	0.9944
29276000	-4.1082	-0.1513	-1.1507	0.9940	0.0335	0.1045	-0.0320	0.9994	-0.0161	-0.1050	0.0127	0.9944
29276125	-4.1091	-0.1511	-1.1507	0.9941	0.0337	0.1034	-0.0322	0.9993	-0.0166	-0.1039	0.0132	0.9945
29276250	-4.1081	-0.1504	-1.1507	0.9939	0.0332	0.1049	-0.0317	0.9994	-0.0156	-0.1054	0.0122	0.9944
29276375	-4.1090	-0.1511	-1.1502	0.9940	0.0339	0.1038	-0.0324	0.9993	-0.0159	-0.1043	0.0124	0.9945
29276500	-4.1090	-0.1514	-1.1510	0.9941	0.0331	0.1038	-0.0317	0.9994	-0.0153	-0.1042	0.0119	0.9945
29276625	-4.1076	-0.1511	-1.1507	0.9939	0.0337	0.1052	-0.0323	0.9994	-0.0157	-0.1057	0.0122	0.9943
29276750	-4.1081	-0.1506	-1.1512	0.9939	0.0351	0.1042	-0.0336	0.9993	-0.0166	-0.1047	0.0130	0.9944
29276875	-4.1085	-0.1519	-1.1517	0.9940	0.0342	0.1042	-0.0327	0.9993	-0.0164	-0.1047	0.0129	0.9944
29277000	-4.1083	-0.1522	-1.1511	0.9940	0.0332	0.1043	-0.0316	0.9994	-0.0168	-0.1048	0.0134	0.9944
29277125	-4.1085	-0.1527	-1.1508	0.9940	0.0338	0.1037	-0.0322	0.9993	-0.0174	-0.1042	0.0140	0.9945
29277250	-4.1086	-0.1526	-1.1511	0.9941	0.0339	0.1033	-0.0324	0.9993	-0.0166	-0.1038	0.0132	0.9945
29277375	-4.1079	-0.1510	-1.1512	0.9940	0.0340	0.1041	-0.0325	0.9993	-0.0160	-0.1046	0.0126	0.9944
29277500	-4.1085	-0.1512	-1.1526	0.9942	0.0329	0.1028	-0.0314	0.9994	-0.0158	-0.1033	0.0125	0.9946
29277625	-4.1082	-0.1510	-1.1521	0.9941	0.0345	0.1032	-0.0331	0.9993	-0.0154	-0.1036	0.0119	0.9945
29277750	-4.1082	-0.1501	-1.1513	0.9941	0.0326	0.1037	-0.0313	0.9994	-0.0142	-0.1041	0.0109	0.9945
29277875	-4.1075	-0.1498	-1.1513	0.9940	0.0338	0.1040	-0.0326	0.9994	-0.0134	-0.1044	0.0100	0.9945
29278000	-4.1074	-0.1501	-1.1511	0.9940	0.0343	0.1040	-0.0330	0.9994	-0.0144	-0.1044	0.0108	0.9945
29278125	-4.1080	-0.1512	-1.1511	0.9941	0.0331	0.1033	-0.0316	0.9994	-0.0159	-0.1037	0.0126	0.9945
29278250	-4.1074	-0.1502	-1.1508	0.9940	0.0354	0.1034	-0.0338	0.9993	-0.0169	-0.1039	0.0133	0.9945
29278375	-4.1079	-0.1508	-1.1516	0.9941	0.0342	0.1032	-0.0327	0.9993	-0.0161	-0.1037	0.0126	0.9945
29278500	-4.1073	-0.1513	-1.1509	0.9941	0.0343	0.1029	-0.0327	0.9993	-0.0171	-0.1034	0.0136	0.9945
29278625	-4.1076	-0.1507	-1.1511	0.9941	0.0350	0.1028	-0.0334	0.9993	-0.0168	-0.1034	0.0133	0.9946
29278750	-4.1068	-0.1517	-1.1505	0.9940	0.0349	0.1037	-0.0334	0.9993	-0.0163	-0.1042	0.0127	0.9945
29278875	-4.1074	-0.1514	-1.1506	0.9941	0.0352	0.1030	-0.0337	0.9993	-0.0162	-0.1035	0.0127	0.9946
29279000	-4.1070	-0.1516	-1.1506	0.9940	0.0345	0.1041	-0.0331	0.9993	-0.0154	-0.1045	0.0119	0.9944
