META	HEADER	GNSS location/orientation script
META	VERSION	1.0.0
META	FORMAT	ASCII
META	CONTENT	DEFAULT
META	END
iTOW	Origin_X	Origin_Y	Origin_Z	Basis_XX	Basis_XY	Basis_XZ	Basis_YX	Basis_YY	Basis_YZ	Basis_ZX	Basis_ZY	Basis_ZZ
115090125	1.0196	0.3460	0.2430	0.0662	0.0112	-0.9977	0.1412	0.9898	0.0205	0.9878	-0.1423	0.0639
115090250	1.0196	0.3470	0.2412	0.0670	0.0115	-0.9977	0.1417	0.9897	0.0209	0.9876	-0.1428	0.0647
115090375	1.0194	0.3463	0.2421	0.0669	0.0133	-0.9977	0.1414	0.9897	0.0227	0.9877	-0.1426	0.0644
115090500	1.0194	0.3472	0.2429	0.0660	0.0125	-0.9977	0.1420	0.9896	0.0218	0.9877	-0.1431	0.0635
115090625	1.0196	0.3457	0.2435	0.0653	0.0145	-0.9978	0.1402	0.9898	0.0235	0.9880	-0.1414	0.0626
115090750	1.0203	0.3501	0.2425	0.0661	0.0103	-0.9978	0.1439	0.9894	0.0198	0.9874	-0.1449	0.0639
115090875	1.0205	0.3539	0.2429	0.0661	0.0125	-0.9977	0.1433	0.9894	0.0219	0.9875	-0.1444	0.0636
115091000	1.0211	0.3543	0.2436	0.0659	0.0124	-0.9978	0.1421	0.9896	0.0217	0.9877	-0.1433	0.0634
115091125	1.0212	0.3549	0.2425	0.0670	0.0129	-0.9977	0.1427	0.9895	0.0224	0.9875	-0.1439	0.0644
115091250	1.0221	0.3588	0.2429	0.0654	0.0135	-0.9978	0.1409	0.9898	0.0226	0.9879	-0.1420	0.0628
115091375	1.0224	0.3606	0.2411	0.0672	0.0137	-0.9976	0.1406	0.9898	0.0231	0.9878	-0.1419	0.0646
115091500	1.0224	0.3605	0.2417	0.0659	0.0134	-0.9977	0.1416	0.9897	0.0227	0.9877	-0.1428	0.0633
115091625	1.0224	0.3618	0.2407	0.0662	0.0135	-0.9977	0.1408	0.9898	0.0227	0.9878	-0.1420	0.0636
115091750	1.0228	0.3622	0.2411	0.0658	0.0140	-0.9977	0.1406	0.9898	0.0232	0.9879	-0.1419	0.0632
115091875	1.0230	0.3632	0.2391	0.0668	0.0131	-0.9977	0.1407	0.9898	0.0225	0.9878	-0.1419	0.0643
115092000	1.0235	0.3635	0.2412	0.0660	0.0147	-0.9977	0.1412	0.9897	0.0240	0.9878	-0.1425	0.0632
115092125	1.0237	0.3664	0.2409	0.0660	0.0143	-0.9977	0.1429	0.9895	0.0237	0.9875	-0.1441	0.0633
115092250	1.0239	0.3652	0.2427	0.0648	0.0155	-0.9978	0.1427	0.9895	0.0246	0.9877	-0.1439	0.0619
115092375	1.0242	0.3658	0.2423	0.0656	0.0144	-0.9977	0.1436	0.9893	0.0238	0.9875	-0.1449	0.0628
115092500	1.0237	0.3658	0.2416	0.0647	0.0145	-0.9978	0.1426	0.9895	0.0236	0.9877	-0.1438	0.0619
115092625	1.0235	0.3644	0.2421	0.0654	0.0137	-0.9978	0.1425	0.9895	0.0229	0.9876	-0.1437	0.0628
115092750	1.0238	0.3660	0.2434	0.0656	0.0146	-0.9977	0.1435	0.9894	0.0239	0.9875	-0.1447	0.0628
115092875	1.0226	0.3623	0.2455	0.0648	0.0135	-0.9978	0.1430	0.9895	0.0227	0.9876	-0.1441	0.0622
115093000	1.0223	0.3597	0.2456	0.0645	0.0117	-0.9979	0.1409	0.9898	0.0207	0.9879	-0.1420	0.0621
115093125	1.0228	0.3594	0.2457	0.0644	0.0123	-0.9979	0.1414	0.9897	0.0213	0.9879	-0.1425	0.0620
115093250	1.0226	0.3585	0.2471	0.0642	0.0138	-0.9978	0.1409	0.9898	0.0228	0.9879	-0.1420	0.0616
115093375	1.0225	0.3579	0.2450	0.0646	0.0130	-0.9978	0.1404	0.9898	0.0220	0.9880	-0.1416	0.0621
115093500	1.0221	0.3575	0.2453	0.0636	0.0129	-0.9979	0.1412	0.9897	0.0218	0.9879	-0.1422	0.0611
115093625	1.0223	0.3567	0.2447	0.0633	0.0125	-0.9979	0.1399	0.9899	0.0213	0.9881	-0.1409	0.0609
115093750	1.0222	0.3563	0.2449	0.0636	0.0127	-0.9979	0.1400	0.9899	0.0215	0.9881	-0.1410	0.0611
115093875	1.0218	0.3553	0.2442	0.0630	0.0114	-0.9980	0.1399	0.9900	0.0201	0.9882	-0.1409	0.0607
115094000	1.0218	0.3552	0.2444	0.0638	0.0115	-0.9979	0.1402	0.9899	0.0203	0.9881	-0.1412	0.0615
115094125	1.0215	0.3545	0.2441	0.0641	0.0115	-0.9979	0.1410	0.9898	0.0204	0.9879	-0.1420	0.0618
115094250	1.0214	0.3531	0.2442	0.0641	0.0113	-0.9979	0.1404	0.9899	0.0202	0.9880	-0.1414	0.0619
115094375	1.0225	0.3569	0.2447	0.0648	0.0107	-0.9978	0.1411	0.9898	0.0198	0.9879	-0.1421	0.0627
115094500	1.0229	0.3573	0.2447	0.0655	0.0105	-0.9978	0.1419	0.9897	0.0197	0.9877	-0.1428	0.0633
115094625	1.0226	0.3569	0.2420	0.0669	0.0094	-0.9977	0.1426	0.9896	0.0189	0.9875	-0.1435	0.0648
115094750	1.0219	0.3516	0.2443	0.0638	0.0082	-0.9979	0.1402	0.9900	0.0171	0.9881	-0.1410	0.0620
115094875	1.0222	0.3517	0.2440	0.0644	0.0073	-0.9979	0.1411	0.9899	0.0163	0.9879	-0.1419	0.0628
115095000	1.0227	0.3495	0.2427	0.0648	0.0096	-0.9979	0.1385	0.9902	0.0186	0.9882	-0.1394	0.0629
115095125	1.0224	0.3498	0.2436	0.0637	0.0092	-0.9979	0.1395	0.9901	0.0180	0.9882	-0.1403	0.0618
115095250	1.0228	0.3485	0.2449	0.0631	0.0097	-0.9980	0.1392	0.9901	0.0185	0.9882	-0.1401	0.0611
115095375	1.0232	0.3529	0.2432	0.0635	0.0095	-0.9979	0.1389	0.9901	0.0183	0.9883	-0.1398	0.0616
115095500	1.0231	0.3529	0.2442	0.0630	0.0104	-0.9980	0.1381	0.9902	0.0190	0.9884	-0.1390	0.0610
115095625	1.0232	0.3526	0.2437	0.0633	0.0096	-0.9979	0.1381	0.9903	0.0183	0.9884	-0.1390	0.0614
115095750	1.0234	0.3519	0.2417	0.0643	0.0100	-0.9979	0.1384	0.9902	0.0188	0.9883	-0.1393	0.0623
115095875	1.0234	0.3519	0.2430	0.0632	0.0091	-0.9980	0.1374	0.9904	0.0177	0.9885	-0.1383	0.0613
115096000	1.0237	0.3514	0.2427	0.0638	0.0091	-0.9979	0.1370	0.9904	0.0178	0.9885	-0.1378	0.0619
115096125	1.0235	0.3528	0.2419	0.0639	0.0083	-0.9979	0.1374	0.9904	0.0170	0.9885	-0.1382	0.0622
115096250	1.0237	0.3525	0.2442	0.0628	0.0092	-0.9980	0.1377	0.9903	0.0178	0.9885	-0.1385	0.0609
115096375	1.0238	0.3570	0.2426	0.0635	0.0082	-0.9979	0.1401	0.9900	0.0170	0.9881	-0.1409	0.0617
115096500	1.0241	0.3597	0.2427	0.0643	0.0094	-0.9979	0.1404	0.9899	0.0184	0.9880	-0.1413	0.0623
115096625	1.0242	0.3592	0.2458	0.0615	0.0092	-0.9981	0.1403	0.9899	0.0177	0.9882	-0.1411	0.0596
115096750	1.0243	0.3601	0.2436	0.0635	0.0107	-0.9979	0.1401	0.9899	0.0195	0.9881	-0.1411	0.0613
115096875	1.0248	0.3611	0.2433	0.0627	0.0112	-0.9980	0.1399	0.9900	0.0199	0.9882	-0.1409	0.0605
115097000	1.0245	0.3602	0.2454	0.0627	0.0115	-0.9980	0.1418	0.9897	0.0203	0.9879	-0.1428	0.0604
115097125	1.0249	0.3610	0.2434	0.0638	0.0116	-0.9979	0.1403	0.9899	0.0205	0.9881	-0.1413	0.0615
115097250	1.0246	0.3619	0.2427	0.0640	0.0098	-0.9979	0.1409	0.9898	0.0188	0.9880	-0.1418	0.0620
115097375	1.0234	0.3589	0.2455	0.0640	0.0096	-0.9979	0.1409	0.9898	0.0186	0.9880	-0.1418	0.0620
115097500	1.0225	0.3593	0.2447	0.0636	0.0105	-0.9979	0.1408	0.9899	0.0194	0.9880	-0.1417	0.0614
115097625	1.0223	0.3591	0.2441	0.0642	0.0107	-0.9979	0.1390	0.9901	0.0196	0.9882	-0.1400	0.0620
115097750	1.0220	0.3573	0.2451	0.0633	0.0101	-0.9979	0.1384	0.9902	0.0188	0.9883	-0.1393	0.0613
115097875	1.0218	0.3580	0.2454	0.0633	0.0097	-0.9979	0.1397	0.9900	0.0185	0.9882	-0.1406	0.0613
115098000	1.0222	0.3580	0.2446	0.0649	0.0091	-0.9979	0.1382	0.9902	0.0180	0.9883	-0.1390	0.0630
115098125	1.0223	0.3579	0.2452	0.0640	0.0094	-0.9979	0.1383	0.9902	0.0182	0.9883	-0.1391	0.0621
115098250	1.0217	0.3587	0.2461	0.0645	0.0086	-0.9979	0.1387	0.9902	0.0175	0.9882	-0.1396	0.0627
115098375	1.0220	0.3594	0.2454	0.0649	0.0091	-0.9978	0.1397	0.9900	0.0181	0.9881	-0.1405	0.0630
115098500	1.0222	0.3558	0.2453	0.0638	0.0083	-0.9979	0.1381	0.9903	0.0170	0.9884	-0.1389	0.0620
115098625	1.0222	0.3553	0.2440	0.0644	0.0075	-0.9979	0.1384	0.9902	0.0164	0.9883	-0.1392	0.0627
115098750	1.0222	0.3571	0.2434	0.0642	0.0070	-0.9979	0.1408	0.9899	0.0160	0.9880	-0.1415	0.0626
115098875	1.0221	0.3586	0.2443	0.0642	0.0064	-0.9979	0.1424	0.9897	0.0155	0.9877	-0.1430	0.0626
115099000	1.0222	0.3589	0.2450	0.0644	0.0073	-0.9979	0.1425	0.9897	0.0164	0.9877	-0.1433	0.0627
115099125	1.0220	0.3583	0.2446	0.0646	0.0073	-0.9979	0.1429	0.9896	0.0165	0.9876	-0.1436	0.0628
115099250	1.0219	0.3576	0.2450	0.0639	0.0063	-0.9979	0.1413	0.9898	0.0153	0.9879	-0.1420	0.0624
115099375	1.0220	0.3589	0.2442	0.0657	0.0070	-0.9978	0.1420	0.9897	0.0163	0.9877	-0.1428	0.0640
115099500	1.0221	0.3596	0.2452	0.0650	0.0074	-0.9979	0.1413	0.9898	0.0166	0.9878	-0.1421	0.0633
115099625	1.0221	0.3584	0.2446	0.0651	0.0083	-0.9978	0.1415	0.9898	0.0174	0.9878	-0.1423	0.0632
115099750	1.0220	0.3580	0.2436	0.0651	0.0069	-0.9979	0.1403	0.9900	0.0160	0.9880	-0.1411	0.0635
115099875	1.0215	0.3583	0.2434	0.0650	0.0079	-0.9979	0.1409	0.9899	0.0170	0.9879	-0.1417	0.0632
115100000	1.0221	0.3581	0.2424	0.0649	0.0067	-0.9979	0.1406	0.9899	0.0158	0.9879	-0.1413	0.0633
115100125	1.0216	0.3574	0.2443	0.0638	0.0071	-0.9979	0.1399	0.9900	0.0160	0.9881	-0.1407	0.0622
115100250	1.0215	0.3572	0.2427	0.0646	0.0068	-0.9979	0.1378	0.9903	0.0157	0.9884	-0.1385	0.0630
115100375	1.0217	0.3581	0.2433	0.0637	0.0072	-0.9979	0.1395	0.9901	0.0161	0.9882	-0.1403	0.0620
115100500	1.0217	0.3594	0.2442	0.0629	0.0065	-0.9980	0.1402	0.9900	0.0153	0.9881	-0.1408	0.0613
115100625	1.0217	0.3597	0.2441	0.0631	0.0071	-0.9980	0.1408	0.9899	0.0159	0.9880	-0.1415	0.0615
115100750	1.0218	0.3606	0.2438	0.0635	0.0070	-0.9980	0.1413	0.9898	0.0159	0.9879	-0.1420	0.0619
115100875	1.0221	0.3600	0.2449	0.0638	0.0079	-0.9979	0.1405	0.9899	0.0168	0.9880	-0.1413	0.0620
115101000	1.0220	0.3604	0.2460	0.0623	0.0087	-0.9980	0.1399	0.9900	0.0173	0.9882	-0.1407	0.0604
115101125	1.0218	0.3590	0.2462	0.0628	0.0082	-0.9980	0.1400	0.9900	0.0169	0.9882	-0.1408	0.0610
115101250	1.0220	0.3587	0.2457	0.0629	0.0079	-0.9980	0.1398	0.9900	0.0167	0.9882	-0.1406	0.0612
115101375	1.0218	0.3590	0.2456	0.0629	0.0082	-0.9980	0.1404	0.9900	0.0170	0.9881	-0.1411	0.0611
115101500	1.0232	0.3585	0.2481	0.0616	0.0092	-0.9981	0.1402	0.9900	0.0177	0.9882	-0.1410	0.0597
115101625	1.0230	0.3590	0.2477	0.0621	0.0095	-0.9980	0.1400	0.9900	0.0181	0.9882	-0.1409	0.0601
115101750	1.0238	0.3562	0.2473	0.0622	0.0088	-0.9980	0.1390	0.9901	0.0174	0.9883	-0.1398	0.0603
115101875	1.0235	0.3576	0.2473	0.0630	0.0083	-0.9980	0.1389	0.9902	0.0170	0.9883	-0.1397	0.0612
115102000	1.0237	0.3566	0.2481	0.0621	0.0094	-0.9980	0.1389	0.9901	0.0180	0.9884	-0.1397	0.0602
115102125	1.0236	0.3549	0.2481	0.0621	0.0083	-0.9980	0.1386	0.9902	0.0169	0.9884	-0.1394	0.0604
115102250	1.0234	0.3552	0.2479	0.0627	0.0096	-0.9980	0.1387	0.9902	0.0182	0.9884	-0.1395	0.0608
115102375	1.0231	0.3559	0.2478	0.0627	0.0090	-0.9980	0.1400	0.9900	0.0177	0.9882	-0.1408	0.0608
115102500	1.0233	0.3557	0.2469	0.0639	0.0084	-0.9979	0.1398	0.9900	0.0173	0.9881	-0.1406	0.0621
115102625	1.0235	0.3557	0.2480	0.0632	0.0089	-0.9980	0.1400	0.9900	0.0177	0.9881	-0.1408	0.0614
115102750	1.0234	0.3558	0.2477	0.0629	0.0074	-0.9980	0.1398	0.9900	0.0162	0.9882	-0.1405	0.0612
115102875	1.0238	0.3557	0.2481	0.0628	0.0081	-0.9980	0.1389	0.9902	0.0168	0.9883	-0.1397	0.0610
115103000	1.0243	0.3567	0.2486	0.0620	0.0085	-0.9980	0.1399	0.9900	0.0172	0.9882	-0.1407	0.0602
115103125	1.0242	0.3565	0.2490	0.0619	0.0075	-0.9981	0.1405	0.9899	0.0162	0.9881	-0.1413	0.0602
115103250	1.0240	0.3562	0.2493	0.0619	0.0094	-0.9980	0.1405	0.9899	0.0180	0.9881	-0.1414	0.0600
115103375	1.0242	0.3570	0.2485	0.0626	0.0076	-0.9980	0.1408	0.9899	0.0164	0.9881	-0.1415	0.0609
115103500	1.0241	0.3568	0.2494	0.0621	0.0075	-0.9980	0.1404	0.9900	0.0162	0.9881	-0.1412	0.0604
115103625	1.0241	0.3574	0.2490	0.0620	0.0077	-0.9980	0.1409	0.9899	0.0164	0.9881	-0.1417	0.0603
115103750	1.0241	0.3570	0.2494	0.0625	0.0097	-0.9980	0.1397	0.9900	0.0183	0.9882	-0.1406	0.0605
115103875	1.0241	0.3578	0.2463	0.0631	0.0087	-0.9980	0.1404	0.9899	0.0175	0.9881	-0.1412	0.0612
115104000	1.0238	0.3564	0.2462	0.0632	0.0082	-0.9980	0.1393	0.9901	0.0170	0.9882	-0.1401	0.0614
115104125	1.0239	0.3578	0.2461	0.0633	0.0091	-0.9980	0.1399	0.9900	0.0179	0.9881	-0.1408	0.0614
115104250	1.0242	0.3575	0.2448	0.0635	0.0088	-0.9979	0.1398	0.9900	0.0176	0.9881	-0.1407	0.0616
115104375	1.0243	0.3570	0.2453	0.0636	0.0087	-0.9979	0.1391	0.9901	0.0175	0.9882	-0.1399	0.0618
115104500	1.0238	0.3567	0.2458	0.0634	0.0095	-0.9979	0.1384	0.9902	0.0182	0.9883	-0.1392	0.0615
115104625	1.0243	0.3585	0.2458	0.0633	0.0100	-0.9979	0.1401	0.9900	0.0188	0.9881	-0.1410	0.0613
115104750	1.0240	0.3585	0.2453	0.0632	0.0095	-0.9980	0.1399	0.9900	0.0183	0.9881	-0.1408	0.0612
115104875	1.0235	0.3614	0.2455	0.0634	0.0089	-0.9979	0.1397	0.9900	0.0177	0.9882	-0.1405	0.0616
115105000	1.0239	0.3608	0.2467	0.0626	0.0087	-0.9980	0.1384	0.9902	0.0173	0.9884	-0.1392	0.0608
115105125	1.0238	0.3635	0.2450	0.0634	0.0081	-0.9980	0.1396	0.9901	0.0169	0.9882	-0.1404	0.0616
115105250	1.0232	0.3632	0.2457	0.0632	0.0085	-0.9980	0.1399	0.9900	0.0173	0.9881	-0.1407	0.0614
115105375	1.0231	0.3635	0.2471	0.0628	0.0089	-0.9980	0.1397	0.9900	0.0176	0.9882	-0.1405	0.0609
115105500	1.0232	0.3635	0.2455	0.0637	0.0085	-0.9979	0.1397	0.9900	0.0174	0.9881	-0.1405	0.0619
115105625	1.0228	0.3632	0.2457	0.0628	0.0075	-0.9980	0.1386	0.9902	0.0162	0.9884	-0.1393	0.0612
115105750	1.0229	0.3648	0.2460	0.0631	0.0074	-0.9980	0.1404	0.9900	0.0162	0.9881	-0.1411	0.0615
115105875	1.0235	0.3619	0.2456	0.0628	0.0077	-0.9980	0.1402	0.9900	0.0165	0.9881	-0.1410	0.0610
115106000	1.0231	0.3630	0.2445	0.0634	0.0078	-0.9980	0.1397	0.9900	0.0167	0.9882	-0.1405	0.0617
115106125	1.0232	0.3640	0.2461	0.0623	0.0077	-0.9980	0.1400	0.9900	0.0164	0.9882	-0.1407	0.0606
115106250	1.0235	0.3642	0.2448	0.0636	0.0084	-0.9979	0.1400	0.9900	0.0172	0.9881	-0.1408	0.0618
115106375	1.0232	0.3645	0.2456	0.0629	0.0088	-0.9980	0.1397	0.9900	0.0176	0.9882	-0.1405	0.0610
115106500	1.0229	0.3641	0.2460	0.0629	0.0082	-0.9980	0.1393	0.9901	0.0169	0.9882	-0.1401	0.0612
115106625	1.0229	0.3647	0.2462	0.0634	0.0097	-0.9979	0.1392	0.9901	0.0185	0.9882	-0.1401	0.0615
115106750	1.0227	0.3648	0.2462	0.0630	0.0083	-0.9980	0.1393	0.9901	0.0170	0.9882	-0.1401	0.0612
115106875	1.0222	0.3602	0.2479	0.0636	0.0081	-0.9979	0.1393	0.9901	0.0169	0.9882	-0.1401	0.0618
115107000	1.0222	0.3602	0.2484	0.0627	0.0079	-0.9980	0.1382	0.9903	0.0165	0.9884	-0.1390	0.0610
115107125	1.0220	0.3598	0.2482	0.0622	0.0079	-0.9980	0.1374	0.9904	0.0164	0.9886	-0.1381	0.0606
115107250	1.0220	0.3602	0.2483	0.0619	0.0068	-0.9981	0.1379	0.9903	0.0153	0.9885	-0.1386	0.0604
115107375	1.0218	0.3595	0.2485	0.0621	0.0068	-0.9980	0.1375	0.9904	0.0153	0.9886	-0.1382	0.0606
115107500	1.0218	0.3602	0.2489	0.0624	0.0079	-0.9980	0.1380	0.9903	0.0165	0.9885	-0.1388	0.0607
115107625	1.0218	0.3593	0.2488	0.0617	0.0071	-0.9981	0.1374	0.9904	0.0155	0.9886	-0.1381	0.0601
115107750	1.0221	0.3585	0.2488	0.0614	0.0080	-0.9981	0.1373	0.9904	0.0164	0.9886	-0.1380	0.0597
115107875	1.0221	0.3566	0.2488	0.0620	0.0068	-0.9981	0.1378	0.9903	0.0153	0.9885	-0.1385	0.0605
115108000	1.0226	0.3567	0.2491	0.0610	0.0073	-0.9981	0.1377	0.9903	0.0156	0.9886	-0.1384	0.0594
115108125	1.0229	0.3576	0.2481	0.0624	0.0072	-0.9980	0.1382	0.9903	0.0158	0.9884	-0.1389	0.0608
115108250	1.0226	0.3581	0.2491	0.0616	0.0081	-0.9981	0.1391	0.9901	0.0166	0.9884	-0.1398	0.0599
115108375	1.0229	0.3579	0.2474	0.0621	0.0070	-0.9980	0.1398	0.9901	0.0156	0.9882	-0.1405	0.0605
115108500	1.0230	0.3569	0.2479	0.0619	0.0059	-0.9981	0.1389	0.9902	0.0145	0.9884	-0.1396	0.0605
115108625	1.0229	0.3560	0.2480	0.0615	0.0077	-0.9981	0.1388	0.9902	0.0161	0.9884	-0.1395	0.0599
115108750	1.0230	0.3555	0.2473	0.0620	0.0062	-0.9981	0.1392	0.9902	0.0148	0.9883	-0.1398	0.0606
115108875	1.0237	0.3507	0.2466	0.0618	0.0061	-0.9981	0.1380	0.9903	0.0146	0.9885	-0.1387	0.0604
115109000	1.0236	0.3501	0.2476	0.0609	0.0061	-0.9981	0.1387	0.9902	0.0145	0.9885	-0.1393	0.0594
115109125	1.0232	0.3487	0.2492	0.0611	0.0064	-0.9981	0.1387	0.9902	0.0148	0.9884	-0.1394	0.0597
115109250	1.0232	0.3486	0.2486	0.0602	0.0057	-0.9982	0.1377	0.9904	0.0139	0.9887	-0.1382	0.0588
115109375	1.0228	0.3469	0.2486	0.0609	0.0077	-0.9981	0.1372	0.9904	0.0160	0.9887	-0.1379	0.0592
115109500	1.0235	0.3474	0.2500	0.0603	0.0082	-0.9981	0.1369	0.9904	0.0164	0.9887	-0.1377	0.0586
115109625	1.0228	0.3474	0.2498	0.0612	0.0090	-0.9981	0.1374	0.9904	0.0173	0.9886	-0.1382	0.0593
115109750	1.0233	0.3468	0.2489	0.0617	0.0078	-0.9981	0.1384	0.9902	0.0163	0.9884	-0.1392	0.0600
115109875	1.0238	0.3490	0.2483	0.0617	0.0039	-0.9981	0.1393	0.9902	0.0125	0.9883	-0.1398	0.0606
115110000	1.0235	0.3495	0.2469	0.0615	0.0032	-0.9981	0.1390	0.9902	0.0117	0.9884	-0.1394	0.0605
115110125	1.0235	0.3485	0.2470	0.0624	0.0045	-0.9980	0.1400	0.9901	0.0133	0.9882	-0.1405	0.0612
115110250	1.0236	0.3475	0.2471	0.0626	0.0059	-0.9980	0.1387	0.9902	0.0145	0.9883	-0.1394	0.0612
115110375	1.0232	0.3482	0.2474	0.0622	0.0055	-0.9980	0.1385	0.9903	0.0141	0.9884	-0.1391	0.0608
115110500	1.0239	0.3487	0.2458	0.0628	0.0055	-0.9980	0.1388	0.9902	0.0141	0.9883	-0.1394	0.0615
115110625	1.0237	0.3497	0.2459	0.0625	0.0052	-0.9980	0.1389	0.9902	0.0138	0.9883	-0.1395	0.0612
115110750	1.0239	0.3495	0.2462	0.0626	0.0056	-0.9980	0.1388	0.9902	0.0142	0.9883	-0.1394	0.0612
115110875	1.0232	0.3527	0.2472	0.0622	0.0057	-0.9980	0.1399	0.9901	0.0144	0.9882	-0.1406	0.0608
115111000	1.0231	0.3524	0.2462	0.0627	0.0058	-0.9980	0.1388	0.9902	0.0144	0.9883	-0.1394	0.0613
115111125	1.0229	0.3522	0.2455	0.0621	0.0048	-0.9981	0.1393	0.9902	0.0134	0.9883	-0.1398	0.0608
115111250	1.0225	0.3527	0.2438	0.0629	0.0040	-0.9980	0.1395	0.9901	0.0128	0.9882	-0.1400	0.0617
115111375	1.0223	0.3536	0.2418	0.0643	0.0042	-0.9979	0.1398	0.9901	0.0132	0.9881	-0.1404	0.0631
115111500	1.0226	0.3527	0.2418	0.0629	0.0045	-0.9980	0.1396	0.9901	0.0132	0.9882	-0.1402	0.0616
115111625	1.0221	0.3529	0.2445	0.0621	0.0048	-0.9981	0.1402	0.9900	0.0135	0.9882	-0.1407	0.0608
115111750	1.0223	0.3546	0.2440	0.0631	0.0042	-0.9980	0.1396	0.9901	0.0130	0.9882	-0.1401	0.0619
115111875	1.0230	0.3581	0.2447	0.0630	0.0049	-0.9980	0.1402	0.9900	0.0137	0.9881	-0.1408	0.0617
115112000	1.0230	0.3617	0.2450	0.0633	0.0032	-0.9980	0.1409	0.9900	0.0121	0.9880	-0.1414	0.0622
115112125	1.0226	0.3586	0.2438	0.0628	0.0047	-0.9980	0.1397	0.9901	0.0135	0.9882	-0.1403	0.0616
115112250	1.0233	0.3597	0.2445	0.0635	0.0042	-0.9980	0.1405	0.9900	0.0131	0.9880	-0.1411	0.0623
115112375	1.0230	0.3584	0.2442	0.0639	0.0047	-0.9979	0.1396	0.9901	0.0136	0.9881	-0.1402	0.0626
115112500	1.0229	0.3577	0.2451	0.0632	0.0070	-0.9980	0.1385	0.9902	0.0157	0.9883	-0.1392	0.0616
115112625	1.0229	0.3573	0.2451	0.0633	0.0071	-0.9980	0.1388	0.9902	0.0159	0.9883	-0.1396	0.0617
115112750	1.0230	0.3579	0.2442	0.0630	0.0059	-0.9980	0.1398	0.9901	0.0147	0.9882	-0.1404	0.0616
115112875	1.0231	0.3584	0.2465	0.0626	0.0051	-0.9980	0.1396	0.9901	0.0138	0.9882	-0.1402	0.0612
115113000	1.0232	0.3592	0.2459	0.0624	0.0055	-0.9980	0.1399	0.9901	0.0142	0.9882	-0.1405	0.0610
115113125	1.0236	0.3584	0.2475	0.0625	0.0064	-0.9980	0.1397	0.9901	0.0151	0.9882	-0.1403	0.0610
115113250	1.0236	0.3595	0.2461	0.0625	0.0047	-0.9980	0.1392	0.9902	0.0133	0.9883	-0.1397	0.0612
115113375	1.0237	0.3584	0.2453	0.0628	0.0054	-0.9980	0.1380	0.9903	0.0141	0.9884	-0.1386	0.0614
115113500	1.0239	0.3582	0.2467	0.0625	0.0057	-0.9980	0.1386	0.9902	0.0144	0.9884	-0.1392	0.0611
115113625	1.0236	0.3589	0.2452	0.0638	0.0053	-0.9979	0.1401	0.9900	0.0142	0.9881	-0.1407	0.0625
115113750	1.0236	0.3560	0.2458	0.0627	0.0064	-0.9980	0.1381	0.9903	0.0150	0.9884	-0.1388	0.0613
115113875	1.0232	0.3560	0.2439	0.0635	0.0061	-0.9980	0.1378	0.9903	0.0148	0.9884	-0.1385	0.0620
115114000	1.0237	0.3551	0.2456	0.0628	0.0065	-0.9980	0.1383	0.9903	0.0152	0.9884	-0.1390	0.0613
115114125	1.0238	0.3548	0.2435	0.0638	0.0066	-0.9979	0.1382	0.9903	0.0154	0.9883	-0.1389	0.0623
115114250	1.0236	0.3549	0.2459	0.0618	0.0070	-0.9981	0.1381	0.9903	0.0155	0.9885	-0.1387	0.0602
115114375	1.0242	0.3558	0.2415	0.0645	0.0061	-0.9979	0.1379	0.9903	0.0150	0.9883	-0.1386	0.0631
115114500	1.0239	0.3561	0.2454	0.0616	0.0044	-0.9981	0.1375	0.9904	0.0129	0.9886	-0.1380	0.0604
115114625	1.0247	0.3560	0.2439	0.0639	0.0061	-0.9979	0.1376	0.9904	0.0149	0.9884	-0.1383	0.0625
115114750	1.0246	0.3564	0.2461	0.0625	0.0066	-0.9980	0.1375	0.9904	0.0152	0.9885	-0.1382	0.0610
115114875	1.0240	0.3565	0.2437	0.0633	0.0062	-0.9980	0.1384	0.9903	0.0149	0.9883	-0.1391	0.0618
115115000	1.0246	0.3566	0.2410	0.0655	0.0074	-0.9978	0.1386	0.9902	0.0164	0.9882	-0.1393	0.0639
115115125	1.0239	0.3581	0.2459	0.0617	0.0063	-0.9981	0.1386	0.9902	0.0148	0.9884	-0.1392	0.0602
115115250	1.0242	0.3581	0.2464	0.0623	0.0062	-0.9980	0.1382	0.9903	0.0148	0.9884	-0.1388	0.0608
115115375	1.0240	0.3585	0.2426	0.0642	0.0064	-0.9979	0.1383	0.9903	0.0152	0.9883	-0.1390	0.0627
115115500	1.0240	0.3600	0.2429	0.0641	0.0060	-0.9979	0.1381	0.9903	0.0148	0.9883	-0.1387	0.0627
115115625	1.0241	0.3602	0.2455	0.0619	0.0064	-0.9981	0.1378	0.9903	0.0149	0.9885	-0.1385	0.0604
115115750	1.0245	0.3602	0.2435	0.0630	0.0074	-0.9980	0.1381	0.9903	0.0160	0.9884	-0.1388	0.0614
115115875	1.0236	0.3610	0.2448	0.0634	0.0071	-0.9980	0.1389	0.9902	0.0158	0.9883	-0.1397	0.0618
115116000	1.0236	0.3608	0.2467	0.0619	0.0077	-0.9981	0.1381	0.9903	0.0162	0.9885	-0.1388	0.0603
115116125	1.0237	0.3598	0.2438	0.0643	0.0111	-0.9979	0.1364	0.9905	0.0198	0.9886	-0.1374	0.0622
115116250	1.0241	0.3624	0.2457	0.0637	0.0094	-0.9979	0.1386	0.9902	0.0182	0.9883	-0.1395	0.0618
115116375	1.0233	0.3598	0.2462	0.0632	0.0096	-0.9980	0.1371	0.9904	0.0182	0.9885	-0.1380	0.0612
115116500	1.0237	0.3615	0.2430	0.0652	0.0104	-0.9978	0.1373	0.9903	0.0193	0.9884	-0.1382	0.0631
115116625	1.0235	0.3615	0.2443	0.0637	0.0097	-0.9979	0.1390	0.9901	0.0185	0.9882	-0.1399	0.0617
115116750	1.0238	0.3622	0.2461	0.0632	0.0096	-0.9980	0.1394	0.9901	0.0184	0.9882	-0.1402	0.0612
115116875	1.0238	0.3585	0.2434	0.0645	0.0072	-0.9979	0.1385	0.9902	0.0161	0.9883	-0.1393	0.0629
115117000	1.0231	0.3544	0.2414	0.0636	0.0035	-0.9980	0.1368	0.9905	0.0122	0.9886	-0.1373	0.0625
115117125	1.0227	0.3549	0.2427	0.0617	0.0023	-0.9981	0.1364	0.9906	0.0107	0.9887	-0.1368	0.0609
115117250	1.0231	0.3546	0.2434	0.0628	0.0039	-0.9980	0.1363	0.9906	0.0124	0.9887	-0.1368	0.0617
115117375	1.0226	0.3553	0.2406	0.0634	0.0037	-0.9980	0.1363	0.9906	0.0124	0.9886	-0.1368	0.0622
115117500	1.0232	0.3575	0.2392	0.0649	0.0040	-0.9979	0.1357	0.9907	0.0128	0.9886	-0.1362	0.0637
115117625	1.0220	0.3567	0.2423	0.0632	0.0037	-0.9980	0.1355	0.9907	0.0122	0.9888	-0.1360	0.0621
115117750	1.0225	0.3560	0.2415	0.0642	0.0035	-0.9979	0.1358	0.9907	0.0123	0.9886	-0.1363	0.0631
115117875	1.0214	0.3530	0.2422	0.0645	0.0043	-0.9979	0.1364	0.9906	0.0131	0.9886	-0.1370	0.0633
115118000	1.0225	0.3569	0.2386	0.0661	0.0053	-0.9978	0.1350	0.9907	0.0142	0.9886	-0.1356	0.0648
115118125	1.0234	0.3797	0.2446	0.0592	0.0033	-0.9982	0.1207	0.9926	0.0104	0.9909	-0.1212	0.0584
115118250	1.0239	0.4045	0.2426	0.0564	-0.0035	-0.9984	0.0931	0.9957	0.0017	0.9941	-0.0930	0.0564
115118375	1.0235	0.4336	0.2410	0.0537	-0.0084	-0.9985	0.0615	0.9981	-0.0051	0.9967	-0.0612	0.0541
115118500	1.0273	0.4674	0.2378	0.0536	-0.0090	-0.9985	0.0435	0.9990	-0.0067	0.9976	-0.0431	0.0539
115118625	1.0354	0.5101	0.2348	0.0534	-0.0126	-0.9985	0.0364	0.9993	-0.0107	0.9979	-0.0358	0.0539
115118750	1.0485	0.5585	0.2322	0.0577	-0.0102	-0.9983	0.0455	0.9989	-0.0075	0.9973	-0.0450	0.0581
115118875	1.0631	0.6179	0.2348	0.0610	-0.0126	-0.9981	0.0606	0.9981	-0.0089	0.9963	-0.0600	0.0617
115119000	1.0802	0.6790	0.2374	0.0620	-0.0085	-0.9980	0.0705	0.9975	-0.0042	0.9956	-0.0701	0.0624
115119125	1.0993	0.7290	0.2425	0.0615	-0.0141	-0.9980	0.0692	0.9976	-0.0099	0.9957	-0.0684	0.0623
115119250	1.1174	0.7722	0.2420	0.0608	-0.0255	-0.9978	0.0621	0.9978	-0.0217	0.9962	-0.0607	0.0622
115119375	1.1376	0.8019	0.2455	0.0597	-0.0260	-0.9979	0.0472	0.9986	-0.0232	0.9971	-0.0458	0.0609
115119500	1.1536	0.8231	0.2517	0.0598	-0.0186	-0.9980	0.0301	0.9994	-0.0169	0.9978	-0.0291	0.0603
115119625	1.1706	0.8397	0.2611	0.0597	-0.0088	-0.9982	0.0085	0.9999	-0.0083	0.9982	-0.0080	0.0597
115119750	1.1876	0.8523	0.2718	0.0650	-0.0012	-0.9979	-0.0150	0.9999	-0.0022	0.9978	0.0151	0.0650
115119875	1.2016	0.8683	0.2846	0.0729	0.0085	-0.9973	-0.0426	0.9991	0.0054	0.9964	0.0421	0.0732
115120000	1.2121	0.8857	0.2899	0.0798	0.0230	-0.9965	-0.0730	0.9972	0.0172	0.9941	0.0714	0.0813
115120125	1.2171	0.8969	0.2909	0.0851	0.0352	-0.9957	-0.0991	0.9947	0.0267	0.9914	0.0964	0.0882
115120250	1.2135	0.9096	0.2783	0.0899	0.0297	-0.9955	-0.1313	0.9912	0.0178	0.9873	0.1291	0.0930
115120375	1.2036	0.9195	0.2525	0.0925	0.0131	-0.9956	-0.1613	0.9869	-0.0020	0.9826	0.1608	0.0934
115120500	1.1882	0.9236	0.2058	0.0872	0.0003	-0.9962	-0.1797	0.9836	-0.0154	0.9799	0.1803	0.0858
115120625	1.1706	0.9163	0.1467	0.0744	-0.0029	-0.9972	-0.1889	0.9819	-0.0169	0.9792	0.1896	0.0725
115120750	1.1528	0.9061	0.0770	0.0573	-0.0062	-0.9983	-0.1964	0.9804	-0.0174	0.9789	0.1970	0.0549
115120875	1.1332	0.9021	0.0130	0.0336	0.0056	-0.9994	-0.2024	0.9793	-0.0013	0.9787	0.2023	0.0341
115121000	1.1175	0.8871	-0.0431	0.0167	0.0086	-0.9998	-0.2123	0.9772	0.0048	0.9771	0.2122	0.0181
115121125	1.0983	0.8742	-0.0913	-0.0027	0.0161	-0.9999	-0.2210	0.9751	0.0163	0.9753	0.2210	0.0009
115121250	1.0680	0.8603	-0.1336	-0.0216	0.0246	-0.9995	-0.2261	0.9737	0.0289	0.9739	0.2266	-0.0155
115121375	1.0296	0.8414	-0.1775	-0.0388	0.0224	-0.9990	-0.2304	0.9726	0.0308	0.9723	0.2314	-0.0325
115121500	0.9752	0.8305	-0.2265	-0.0581	0.0240	-0.9980	-0.2262	0.9734	0.0366	0.9723	0.2279	-0.0512
115121625	0.9161	0.8217	-0.2883	-0.0776	0.0214	-0.9968	-0.2229	0.9741	0.0383	0.9717	0.2251	-0.0708
115121750	0.8652	0.8280	-0.3470	-0.0945	0.0265	-0.9952	-0.2227	0.9738	0.0471	0.9703	0.2261	-0.0861
115121875	0.8130	0.8303	-0.4142	-0.1089	0.0176	-0.9939	-0.2249	0.9735	0.0419	0.9683	0.2281	-0.1021
115122000	0.7638	0.8273	-0.4943	-0.1330	0.0090	-0.9911	-0.2305	0.9723	0.0398	0.9639	0.2338	-0.1273
115122125	0.7128	0.8088	-0.5836	-0.1579	-0.0009	-0.9874	-0.2349	0.9713	0.0367	0.9591	0.2377	-0.1536
115122250	0.6578	0.8017	-0.6868	-0.1919	-0.0000	-0.9814	-0.2336	0.9713	0.0456	0.9532	0.2380	-0.1864
115122375	0.6068	0.7978	-0.7876	-0.2248	0.0013	-0.9744	-0.2319	0.9712	0.0548	0.9464	0.2383	-0.2180
115122500	0.5599	0.8050	-0.8709	-0.2598	0.0072	-0.9656	-0.2222	0.9727	0.0670	0.9398	0.2320	-0.2511
115122625	0.5070	0.8092	-0.9517	-0.2901	0.0078	-0.9570	-0.2145	0.9740	0.0730	0.9326	0.2264	-0.2809
115122750	0.4547	0.8016	-1.0248	-0.3199	0.0065	-0.9474	-0.2077	0.9752	0.0768	0.9244	0.2214	-0.3106
115122875	0.3881	0.7772	-1.1049	-0.3442	0.0118	-0.9388	-0.1967	0.9768	0.0844	0.9181	0.2137	-0.3339
115123000	0.3197	0.7621	-1.1815	-0.3687	0.0226	-0.9293	-0.1859	0.9777	0.0975	0.9107	0.2088	-0.3563
115123125	0.2484	0.7679	-1.2668	-0.3876	0.0304	-0.9213	-0.1778	0.9782	0.1071	0.9045	0.2053	-0.3738
115123250	0.1776	0.7887	-1.3480	-0.4110	0.0290	-0.9112	-0.1677	0.9800	0.1068	0.8960	0.1968	-0.3980
115123375	0.1115	0.7912	-1.4300	-0.4342	0.0267	-0.9004	-0.1638	0.9806	0.1080	0.8858	0.1944	-0.4214
115123500	0.0439	0.7796	-1.5178	-0.4611	0.0102	-0.8873	-0.1647	0.9816	0.0969	0.8719	0.1908	-0.4510
115123625	-0.0290	0.7687	-1.6099	-0.4910	0.0044	-0.8711	-0.1613	0.9822	0.0958	0.8561	0.1876	-0.4816
115123750	-0.0935	0.7723	-1.6983	-0.5204	0.0040	-0.8539	-0.1602	0.9818	0.1023	0.8387	0.1900	-0.5103
115123875	-0.1581	0.7886	-1.7768	-0.5466	0.0131	-0.8373	-0.1548	0.9810	0.1165	0.8229	0.1933	-0.5342
115124000	-0.2214	0.7872	-1.8407	-0.5696	0.0257	-0.8215	-0.1512	0.9792	0.1355	0.8079	0.2014	-0.5539
115124125	-0.2897	0.7723	-1.9005	-0.5890	0.0250	-0.8077	-0.1538	0.9778	0.1424	0.7934	0.2081	-0.5721
115124250	-0.3636	0.7532	-1.9549	-0.6071	0.0231	-0.7943	-0.1527	0.9775	0.1452	0.7798	0.2095	-0.5900
115124375	-0.4431	0.7430	-2.0185	-0.6249	0.0188	-0.7805	-0.1545	0.9770	0.1472	0.7653	0.2126	-0.6076
115124500	-0.5230	0.7535	-2.0713	-0.6410	0.0183	-0.7674	-0.1490	0.9777	0.1478	0.7530	0.2091	-0.6239
115124625	-0.6009	0.7650	-2.1325	-0.6559	0.0261	-0.7544	-0.1449	0.9765	0.1598	0.7408	0.2141	-0.6367
115124750	-0.6760	0.7642	-2.1885	-0.6734	0.0190	-0.7390	-0.1457	0.9767	0.1578	0.7248	0.2139	-0.6550
115124875	-0.7591	0.7515	-2.2505	-0.6929	0.0107	-0.7210	-0.1488	0.9763	0.1575	0.7056	0.2164	-0.6748
115125000	-0.8520	0.7417	-2.3294	-0.7109	0.0058	-0.7032	-0.1428	0.9779	0.1524	0.6886	0.2088	-0.6944
115125125	-0.9424	0.7412	-2.4025	-0.7349	0.0103	-0.6781	-0.1311	0.9788	0.1570	0.6653	0.2043	-0.7180
115125250	-1.0245	0.7423	-2.4701	-0.7573	0.0271	-0.6525	-0.1122	0.9789	0.1710	0.6434	0.2027	-0.7382
115125375	-1.1046	0.7499	-2.5245	-0.7779	0.0289	-0.6278	-0.1020	0.9799	0.1715	0.6201	0.1974	-0.7593
115125500	-1.1849	0.7357	-2.5751	-0.7963	0.0242	-0.6045	-0.1031	0.9792	0.1750	0.5961	0.2017	-0.7772
115125625	-1.2725	0.7159	-2.6292	-0.8126	0.0193	-0.5825	-0.1007	0.9798	0.1729	0.5741	0.1991	-0.7942
115125750	-1.3643	0.7062	-2.6815	-0.8295	0.0164	-0.5583	-0.0949	0.9809	0.1699	0.5504	0.1939	-0.8121
115125875	-1.4578	0.7091	-2.7295	-0.8420	0.0202	-0.5391	-0.0892	0.9803	0.1760	0.5321	0.1962	-0.8236
115126000	-1.5502	0.7208	-2.7843	-0.8573	0.0138	-0.5146	-0.0894	0.9805	0.1752	0.5070	0.1962	-0.8393
115126125	-1.6414	0.7155	-2.8388	-0.8702	0.0091	-0.4926	-0.0908	0.9797	0.1784	0.4843	0.2000	-0.8517
115126250	-1.7440	0.6980	-2.8957	-0.8835	0.0024	-0.4685	-0.0919	0.9797	0.1784	0.4594	0.2007	-0.8653
115126375	-1.8465	0.6987	-2.9600	-0.8979	-0.0047	-0.4403	-0.0886	0.9814	0.1704	0.4313	0.1920	-0.8816
115126500	-1.9408	0.7018	-3.0100	-0.9134	-0.0091	-0.4070	-0.0863	0.9814	0.1717	0.3979	0.1920	-0.8971
115126625	-2.0304	0.7118	-3.0524	-0.9267	-0.0081	-0.3757	-0.0791	0.9815	0.1741	0.3673	0.1910	-0.9103
115126750	-2.1125	0.7089	-3.0862	-0.9385	-0.0025	-0.3453	-0.0718	0.9796	0.1879	0.3378	0.2011	-0.9195
115126875	-2.1960	0.6957	-3.1081	-0.9502	0.0031	-0.3117	-0.0605	0.9791	0.1941	0.3058	0.2033	-0.9301
115127000	-2.2890	0.6805	-3.1291	-0.9588	-0.0025	-0.2841	-0.0596	0.9795	0.1926	0.2778	0.2016	-0.9393
115127125	-2.3814	0.6828	-3.1466	-0.9672	-0.0063	-0.2538	-0.0576	0.9791	0.1951	0.2472	0.2034	-0.9474
115127250	-2.4699	0.6908	-3.1667	-0.9747	-0.0004	-0.2236	-0.0467	0.9783	0.2018	0.2187	0.2072	-0.9536
115127375	-2.5617	0.6954	-3.1850	-0.9809	-0.0006	-0.1943	-0.0411	0.9781	0.2043	0.1899	0.2083	-0.9594
115127500	-2.6639	0.6902	-3.2159	-0.9859	-0.0089	-0.1669	-0.0437	0.9776	0.2060	0.1614	0.2104	-0.9642
115127625	-2.7729	0.6770	-3.2353	-0.9913	-0.0197	-0.1303	-0.0465	0.9774	0.2062	0.1233	0.2104	-0.9698
115127750	-2.8846	0.6714	-3.2715	-0.9947	-0.0198	-0.1012	-0.0405	0.9776	0.2065	0.0948	0.2095	-0.9732
115127875	-2.9818	0.6749	-3.3017	-0.9976	-0.0093	-0.0686	-0.0239	0.9763	0.2149	0.0649	0.2160	-0.9742
115128000	-3.0771	0.6718	-3.3198	-0.9992	0.0010	-0.0401	-0.0080	0.9745	0.2244	0.0393	0.2245	-0.9737
115128125	-3.1661	0.6611	-3.3278	-0.9999	-0.0018	-0.0138	-0.0050	0.9725	0.2330	0.0130	0.2331	-0.9724
115128250	-3.2607	0.6377	-3.3295	-1.0000	-0.0067	0.0050	-0.0053	0.9705	0.2409	-0.0065	0.2408	-0.9705
115128375	-3.3586	0.6301	-3.3310	-0.9996	0.0031	0.0289	0.0101	0.9691	0.2464	-0.0273	0.2465	-0.9687
115128500	-3.4574	0.6366	-3.3265	-0.9985	0.0131	0.0538	0.0262	0.9677	0.2508	-0.0487	0.2518	-0.9666
115128625	-3.5510	0.6441	-3.3201	-0.9970	0.0103	0.0768	0.0301	0.9649	0.2610	-0.0714	0.2625	-0.9623
115128750	-3.6469	0.6523	-3.3169	-0.9950	0.0062	0.0995	0.0332	0.9617	0.2719	-0.0940	0.2739	-0.9572
115128875	-3.7498	0.6459	-3.3042	-0.9919	0.0028	0.1273	0.0384	0.9596	0.2786	-0.1213	0.2812	-0.9519
115129000	-3.8522	0.6443	-3.2888	-0.9882	-0.0005	0.1533	0.0437	0.9576	0.2846	-0.1470	0.2880	-0.9463
115129125	-3.9413	0.6550	-3.2753	-0.9829	0.0079	0.1841	0.0620	0.9551	0.2898	-0.1735	0.2962	-0.9392
115129250	-4.0235	0.6585	-3.2583	-0.9768	0.0099	0.2141	0.0748	0.9519	0.2972	-0.2009	0.3063	-0.9305
115129375	-4.0965	0.6635	-3.2261	-0.9720	0.0018	0.2348	0.0747	0.9503	0.3022	-0.2226	0.3113	-0.9239
115129500	-4.1766	0.6610	-3.1828	-0.9659	0.0028	0.2588	0.0857	0.9470	0.3097	-0.2442	0.3213	-0.9149
115129625	-4.2573	0.6683	-3.1293	-0.9594	0.0121	0.2819	0.1030	0.9452	0.3099	-0.2627	0.3263	-0.9080
115129750	-4.3334	0.6825	-3.0747	-0.9523	0.0274	0.3040	0.1258	0.9427	0.3090	-0.2781	0.3325	-0.9011
115129875	-4.4024	0.6908	-3.0212	-0.9436	0.0379	0.3289	0.1481	0.9369	0.3168	-0.2961	0.3476	-0.8897
115130000	-4.4639	0.6946	-2.9703	-0.9334	0.0418	0.3564	0.1613	0.9360	0.3129	-0.3205	0.3495	-0.8804
115130125	-4.5337	0.6925	-2.9101	-0.9233	0.0359	0.3825	0.1656	0.9355	0.3121	-0.3466	0.3515	-0.8697
115130250	-4.6119	0.6848	-2.8439	-0.9092	0.0227	0.4158	0.1669	0.9347	0.3138	-0.3815	0.3547	-0.8536
115130375	-4.6916	0.6853	-2.7817	-0.8926	0.0186	0.4504	0.1738	0.9360	0.3059	-0.4159	0.3514	-0.8388
115130500	-4.7578	0.6909	-2.7201	-0.8730	0.0207	0.4874	0.1888	0.9356	0.2984	-0.4498	0.3525	-0.8206
115130625	-4.8086	0.7067	-2.6561	-0.8545	0.0276	0.5187	0.2015	0.9381	0.2819	-0.4788	0.3454	-0.8071
115130750	-4.8579	0.6998	-2.5874	-0.8396	0.0197	0.5428	0.2048	0.9371	0.2828	-0.5030	0.3486	-0.7908
115130875	-4.9074	0.6874	-2.5171	-0.8204	0.0178	0.5715	0.2133	0.9369	0.2770	-0.5305	0.3491	-0.7724
115131000	-4.9539	0.6815	-2.4371	-0.7986	0.0314	0.6011	0.2369	0.9344	0.2660	-0.5533	0.3548	-0.7536
115131125	-5.0004	0.6860	-2.3568	-0.7823	0.0326	0.6220	0.2462	0.9335	0.2606	-0.5721	0.3570	-0.7384
115131250	-5.0413	0.6917	-2.2889	-0.7643	0.0317	0.6441	0.2583	0.9302	0.2608	-0.5909	0.3656	-0.7191
115131375	-5.0783	0.6887	-2.2181	-0.7455	0.0214	0.6661	0.2598	0.9297	0.2609	-0.6137	0.3676	-0.6987
115131500	-5.1285	0.6751	-2.1382	-0.7308	0.0106	0.6825	0.2598	0.9290	0.2637	-0.6312	0.3700	-0.6817
115131625	-5.1765	0.6654	-2.0564	-0.7058	-0.0035	0.7084	0.2624	0.9275	0.2661	-0.6580	0.3737	-0.6537
115131750	-5.2338	0.6681	-1.9816	-0.6785	0.0016	0.7346	0.2724	0.9292	0.2496	-0.6823	0.3695	-0.6309
115131875	-5.2765	0.6689	-1.9045	-0.6506	0.0024	0.7594	0.2849	0.9277	0.2411	-0.7040	0.3732	-0.6043
115132000	-5.3107	0.6700	-1.8412	-0.6214	0.0079	0.7834	0.2974	0.9275	0.2266	-0.7248	0.3738	-0.5787
115132125	-5.3385	0.6624	-1.7716	-0.5959	0.0063	0.8030	0.3034	0.9276	0.2178	-0.7436	0.3734	-0.5547
115132250	-5.3729	0.6502	-1.6992	-0.5731	-0.0009	0.8195	0.3058	0.9275	0.2149	-0.7603	0.3738	-0.5313
115132375	-5.4032	0.6505	-1.6244	-0.5427	-0.0061	0.8399	0.3098	0.9280	0.2070	-0.7807	0.3725	-0.5018
115132500	-5.4406	0.6572	-1.5614	-0.5080	0.0024	0.8613	0.3207	0.9286	0.1865	-0.7994	0.3710	-0.4725
115132625	-5.4833	0.6654	-1.4864	-0.4834	-0.0039	0.8754	0.3231	0.9286	0.1826	-0.8136	0.3711	-0.4477
115132750	-5.5358	0.6721	-1.4130	-0.4486	-0.0228	0.8935	0.3214	0.9287	0.1850	-0.8340	0.3701	-0.4093
115132875	-5.5937	0.6723	-1.3317	-0.4146	-0.0275	0.9096	0.3211	0.9308	0.1745	-0.8514	0.3644	-0.3771
115133000	-5.6504	0.6749	-1.2505	-0.3775	-0.0185	0.9258	0.3265	0.9329	0.1518	-0.8665	0.3596	-0.3462
115133125	-5.6992	0.6795	-1.1857	-0.3380	0.0008	0.9412	0.3372	0.9337	0.1203	-0.8787	0.3580	-0.3158
115133250	-5.7348	0.6863	-1.1100	-0.3077	0.0044	0.9515	0.3423	0.9336	0.1064	-0.8878	0.3584	-0.2887
115133375	-5.7515	0.6839	-1.0400	-0.2748	-0.0008	0.9615	0.3394	0.9355	0.0977	-0.8996	0.3532	-0.2568
115133500	-5.7715	0.6663	-0.9570	-0.2386	-0.0052	0.9711	0.3391	0.9366	0.0883	-0.9100	0.3504	-0.2217
115133625	-5.7889	0.6661	-0.8660	-0.2068	-0.0001	0.9784	0.3397	0.9378	0.0719	-0.9175	0.3473	-0.1939
115133750	-5.8035	0.6746	-0.7805	-0.1714	0.0049	0.9852	0.3458	0.9367	0.0555	-0.9225	0.3502	-0.1622
115133875	-5.8193	0.6799	-0.6957	-0.1371	0.0040	0.9905	0.3467	0.9369	0.0442	-0.9279	0.3495	-0.1298
115134000	-5.8318	0.6873	-0.6080	-0.0992	0.0009	0.9951	0.3452	0.9379	0.0336	-0.9333	0.3469	-0.0934
115134125	-5.8430	0.6810	-0.5034	-0.0514	-0.0035	0.9987	0.3408	0.9399	0.0208	-0.9387	0.3415	-0.0471
115134250	-5.8602	0.6781	-0.4019	-0.0073	-0.0029	1.0000	0.3402	0.9403	0.0052	-0.9403	0.3403	-0.0059
115134375	-5.8674	0.6836	-0.3087	0.0369	0.0016	0.9993	0.3417	0.9397	-0.0141	-0.9391	0.3420	0.0341
115134500	-5.8643	0.6839	-0.2276	0.0739	-0.0009	0.9973	0.3496	0.9365	-0.0251	-0.9340	0.3505	0.0695
115134625	-5.8391	0.6761	-0.1474	0.1090	-0.0050	0.9940	0.3593	0.9326	-0.0347	-0.9268	0.3610	0.1035
115134750	-5.8122	0.6582	-0.0631	0.1470	-0.0039	0.9891	0.3625	0.9306	-0.0502	-0.9203	0.3659	0.1382
115134875	-5.7771	0.6405	0.0275	0.1762	0.0039	0.9843	0.3692	0.9267	-0.0697	-0.9125	0.3757	0.1619
115135000	-5.7417	0.6476	0.1145	0.2128	0.0069	0.9771	0.3706	0.9247	-0.0873	-0.9041	0.3807	0.1942
115135125	-5.7138	0.6520	0.1923	0.2437	0.0103	0.9698	0.3801	0.9189	-0.1053	-0.8922	0.3943	0.2200
115135250	-5.6776	0.6560	0.2624	0.2784	0.0098	0.9604	0.3794	0.9175	-0.1193	-0.8823	0.3976	0.2517
115135375	-5.6387	0.6452	0.3498	0.3111	0.0039	0.9504	0.3832	0.9146	-0.1292	-0.8697	0.4044	0.2830
115135500	-5.5970	0.6385	0.4427	0.3517	0.0043	0.9361	0.3732	0.9164	-0.1445	-0.8585	0.4002	0.3206
115135625	-5.5616	0.6458	0.5298	0.3978	-0.0028	0.9175	0.3730	0.9141	-0.1589	-0.8383	0.4054	0.3647
115135750	-5.5165	0.6631	0.6009	0.4375	-0.0070	0.8992	0.3686	0.9135	-0.1723	-0.8202	0.4068	0.4022
115135875	-5.4651	0.6776	0.6618	0.4788	-0.0040	0.8779	0.3597	0.9131	-0.1920	-0.8009	0.4077	0.4386
115136000	-5.4043	0.6692	0.7224	0.5167	0.0006	0.8561	0.3520	0.9114	-0.2131	-0.7804	0.4115	0.4708
115136125	-5.3359	0.6571	0.7923	0.5500	0.0013	0.8351	0.3445	0.9106	-0.2283	-0.7608	0.4132	0.5004
115136250	-5.2758	0.6675	0.8568	0.5903	0.0085	0.8071	0.3284	0.9109	-0.2498	-0.7373	0.4125	0.5349
115136375	-5.2143	0.6836	0.9174	0.6208	0.0087	0.7839	0.3182	0.9110	-0.2622	-0.7165	0.4122	0.5628
115136500	-5.1528	0.6902	0.9759	0.6529	0.0099	0.7574	0.3076	0.9103	-0.2770	-0.6922	0.4138	0.5913
115136625	-5.0879	0.6925	1.0426	0.6833	0.0005	0.7302	0.2975	0.9131	-0.2790	-0.6668	0.4078	0.6237
115136750	-5.0144	0.6933	1.1147	0.7171	0.0041	0.6969	0.2811	0.9133	-0.2947	-0.6377	0.4073	0.6538
115136875	-4.9447	0.7009	1.1967	0.7486	0.0099	0.6630	0.2622	0.9140	-0.3097	-0.6090	0.4057	0.6816
115137000	-4.8801	0.7135	1.2607	0.7766	0.0175	0.6298	0.2489	0.9098	-0.3322	-0.5788	0.4147	0.7022
115137125	-4.8152	0.7245	1.3078	0.8019	0.0212	0.5971	0.2336	0.9087	-0.3459	-0.5500	0.4169	0.7237
115137250	-4.7451	0.7159	1.3475	0.8202	0.0170	0.5718	0.2276	0.9074	-0.3533	-0.5249	0.4199	0.7404
115137375	-4.6680	0.7011	1.3824	0.8399	0.0188	0.5424	0.2154	0.9058	-0.3649	-0.4982	0.4233	0.7567
115137500	-4.5848	0.7068	1.4232	0.8562	0.0182	0.5164	0.2027	0.9074	-0.3681	-0.4753	0.4198	0.7732
115137625	-4.5036	0.7136	1.4632	0.8711	0.0208	0.4906	0.1928	0.9044	-0.3806	-0.4516	0.4262	0.7838
115137750	-4.4285	0.7205	1.4974	0.8857	0.0241	0.4636	0.1786	0.9041	-0.3882	-0.4285	0.4266	0.7964
115137875	-4.3541	0.7245	1.5253	0.9016	0.0299	0.4316	0.1626	0.9010	-0.4022	-0.4009	0.4328	0.8074
115138000	-4.2664	0.7203	1.5619	0.9148	0.0184	0.4034	0.1598	0.9009	-0.4036	-0.3709	0.4337	0.8212
115138125	-4.1691	0.7075	1.6003	0.9293	0.0087	0.3693	0.1500	0.9048	-0.3986	-0.3376	0.4258	0.8395
115138250	-4.0799	0.7108	1.6404	0.9443	0.0011	0.3292	0.1379	0.9066	-0.3987	-0.2989	0.4219	0.8560
115138375	-3.9939	0.7218	1.6720	0.9575	0.0007	0.2883	0.1209	0.9069	-0.4036	-0.2618	0.4213	0.8683
115138500	-3.9146	0.7295	1.6848	0.9685	0.0002	0.2491	0.1049	0.9068	-0.4083	-0.2260	0.4215	0.8782
115138625	-3.8297	0.7245	1.6970	0.9788	0.0085	0.2046	0.0785	0.9070	-0.4137	-0.1891	0.4210	0.8871
115138750	-3.7469	0.7119	1.6932	0.9870	0.0063	0.1608	0.0627	0.9053	-0.4202	-0.1482	0.4248	0.8931
115138875	-3.6579	0.7038	1.6925	0.9933	0.0061	0.1150	0.0446	0.9004	-0.4328	-0.1062	0.4350	0.8941
115139000	-3.5692	0.7111	1.6873	0.9973	0.0068	0.0732	0.0259	0.8997	-0.4358	-0.0688	0.4365	0.8971
115139125	-3.4864	0.7154	1.6904	0.9994	0.0026	0.0335	0.0124	0.8986	-0.4387	-0.0312	0.4389	0.8980
115139250	-3.4020	0.7154	1.6872	0.9999	-0.0081	-0.0107	0.0024	0.8926	-0.4508	0.0132	0.4507	0.8926
115139375	-3.3034	0.7094	1.6863	0.9983	-0.0291	-0.0514	0.0027	0.8916	-0.4528	0.0591	0.4519	0.8901
115139500	-3.1985	0.7030	1.6868	0.9942	-0.0380	-0.1003	-0.0117	0.8910	-0.4538	0.1066	0.4523	0.8855
115139625	-3.1013	0.7009	1.6956	0.9868	-0.0385	-0.1575	-0.0382	0.8886	-0.4570	0.1576	0.4570	0.8754
115139750	-3.0131	0.7127	1.6931	0.9764	-0.0375	-0.2126	-0.0635	0.8913	-0.4489	0.2064	0.4518	0.8679
115139875	-2.9319	0.7123	1.6818	0.9642	-0.0417	-0.2618	-0.0848	0.8872	-0.4536	0.2512	0.4596	0.8519
115140000	-2.8465	0.7043	1.6577	0.9525	-0.0462	-0.3011	-0.0992	0.8876	-0.4499	0.2880	0.4584	0.8408
115140125	-2.7576	0.6784	1.6347	0.9358	-0.0410	-0.3502	-0.1301	0.8829	-0.4511	0.3277	0.4677	0.8209
115140250	-2.6602	0.6836	1.6134	0.9135	-0.0142	-0.4066	-0.1798	0.8824	-0.4347	0.3649	0.4702	0.8036
115140375	-2.5695	0.6849	1.5976	0.8892	0.0129	-0.4573	-0.2262	0.8812	-0.4150	0.3976	0.4725	0.7865
115140500	-2.4869	0.6915	1.5714	0.8638	0.0321	-0.5029	-0.2661	0.8765	-0.4011	0.4279	0.4803	0.7657
115140625	-2.3831	0.6950	1.5372	0.8361	0.0647	-0.5448	-0.3095	0.8756	-0.3709	0.4530	0.4787	0.7521
115140750	-2.2655	0.7066	1.5064	0.8044	0.0898	-0.5873	-0.3381	0.8820	-0.3283	0.4885	0.4626	0.7398
115140875	-2.1469	0.7381	1.4831	0.7711	0.1088	-0.6273	-0.3541	0.8922	-0.2805	0.5291	0.4384	0.7265
115141000	-2.0401	0.7697	1.4800	0.7379	0.1404	-0.6601	-0.3730	0.9000	-0.2256	0.5624	0.4127	0.7165
115141125	-1.9418	0.7947	1.4845	0.7068	0.1614	-0.6887	-0.3844	0.9049	-0.1824	0.5938	0.3937	0.7017
