META	HEADER	GNSS location/orientation script
META	VERSION	1.0.0
META	FORMAT	ASCII
META	CONTENT	DEFAULT
META	END
iTOW	Origin_X	Origin_Y	Origin_Z	Basis_XX	Basis_XY	Basis_XZ	Basis_YX	Basis_YY	Basis_YZ	Basis_ZX	Basis_ZY	Basis_ZZ
115068000	-3.3519	-0.1048	-0.2297	-0.1623	0.0082	0.9867	-0.0136	0.9999	-0.0105	-0.9866	-0.0152	-0.1622
115068125	-3.3521	-0.1036	-0.2301	-0.1625	0.0070	0.9867	-0.0165	0.9998	-0.0098	-0.9866	-0.0179	-0.1624
115068250	-3.3518	-0.0998	-0.2286	-0.1639	0.0072	0.9864	-0.0193	0.9998	-0.0105	-0.9863	-0.0208	-0.1637
115068375	-3.3522	-0.0970	-0.2276	-0.1652	0.0080	0.9862	-0.0216	0.9997	-0.0117	-0.9860	-0.0233	-0.1650
115068500	-3.3523	-0.0995	-0.2279	-0.1655	0.0076	0.9862	-0.0193	0.9998	-0.0110	-0.9860	-0.0209	-0.1653
115068625	-3.3526	-0.1008	-0.2287	-0.1647	0.0110	0.9863	-0.0183	0.9997	-0.0142	-0.9862	-0.0204	-0.1644
115068750	-3.3525	-0.0989	-0.2304	-0.1628	0.0074	0.9866	-0.0173	0.9998	-0.0104	-0.9865	-0.0188	-0.1627
115068875	-3.3526	-0.0968	-0.2304	-0.1648	0.0076	0.9863	-0.0204	0.9997	-0.0111	-0.9861	-0.0220	-0.1646
115069000	-3.3465	-0.0918	-0.2354	-0.1544	0.0092	0.9880	-0.0229	0.9997	-0.0129	-0.9877	-0.0246	-0.1541
115069125	-3.3460	-0.0905	-0.2352	-0.1543	0.0104	0.9880	-0.0241	0.9996	-0.0143	-0.9877	-0.0260	-0.1540
115069250	-3.3472	-0.0924	-0.2349	-0.1548	0.0117	0.9879	-0.0244	0.9996	-0.0156	-0.9876	-0.0266	-0.1544
115069375	-3.3468	-0.0919	-0.2348	-0.1529	0.0099	0.9882	-0.0243	0.9996	-0.0138	-0.9879	-0.0261	-0.1526
115069500	-3.3466	-0.0935	-0.2332	-0.1540	0.0122	0.9880	-0.0212	0.9997	-0.0156	-0.9878	-0.0234	-0.1537
115069625	-3.3471	-0.0952	-0.2334	-0.1530	0.0103	0.9882	-0.0179	0.9998	-0.0132	-0.9881	-0.0197	-0.1527
115069750	-3.3466	-0.0966	-0.2368	-0.1568	0.0086	0.9876	-0.0193	0.9997	-0.0118	-0.9874	-0.0209	-0.1566
115069875	-3.3469	-0.0972	-0.2356	-0.1593	0.0056	0.9872	-0.0211	0.9997	-0.0091	-0.9870	-0.0223	-0.1592
115070000	-3.3475	-0.0985	-0.2353	-0.1597	0.0076	0.9871	-0.0211	0.9997	-0.0111	-0.9869	-0.0226	-0.1595
115070125	-3.3473	-0.0960	-0.2393	-0.1607	0.0063	0.9870	-0.0229	0.9997	-0.0101	-0.9867	-0.0242	-0.1605
115070250	-3.3482	-0.0984	-0.2414	-0.1553	0.0107	0.9878	-0.0225	0.9996	-0.0144	-0.9876	-0.0245	-0.1550
115070375	-3.3473	-0.0977	-0.2384	-0.1569	0.0119	0.9875	-0.0258	0.9995	-0.0161	-0.9873	-0.0280	-0.1565
115070500	-3.3480	-0.0982	-0.2391	-0.1571	0.0080	0.9876	-0.0242	0.9996	-0.0119	-0.9873	-0.0258	-0.1568
115070625	-3.3473	-0.0971	-0.2383	-0.1569	0.0085	0.9876	-0.0242	0.9996	-0.0124	-0.9873	-0.0259	-0.1566
115070750	-3.3470	-0.0982	-0.2369	-0.1563	0.0110	0.9876	-0.0240	0.9996	-0.0150	-0.9874	-0.0261	-0.1560
115070875	-3.3468	-0.0960	-0.2366	-0.1604	0.0128	0.9870	-0.0260	0.9995	-0.0171	-0.9867	-0.0284	-0.1600
115071000	-3.3481	-0.0998	-0.2319	-0.1636	0.0119	0.9865	-0.0207	0.9997	-0.0155	-0.9863	-0.0230	-0.1633
115071125	-3.3480	-0.0984	-0.2349	-0.1635	0.0094	0.9865	-0.0208	0.9997	-0.0130	-0.9863	-0.0227	-0.1632
115071250	-3.3482	-0.0983	-0.2338	-0.1636	0.0109	0.9865	-0.0208	0.9997	-0.0145	-0.9863	-0.0229	-0.1634
115071375	-3.3480	-0.0986	-0.2349	-0.1635	0.0104	0.9865	-0.0188	0.9997	-0.0136	-0.9864	-0.0207	-0.1633
115071500	-3.3486	-0.0961	-0.2363	-0.1638	0.0112	0.9864	-0.0232	0.9996	-0.0152	-0.9862	-0.0254	-0.1635
115071625	-3.3485	-0.0958	-0.2367	-0.1629	0.0133	0.9866	-0.0203	0.9997	-0.0168	-0.9864	-0.0228	-0.1626
115071750	-3.3482	-0.0928	-0.2351	-0.1632	0.0108	0.9865	-0.0222	0.9996	-0.0146	-0.9863	-0.0242	-0.1629
115071875	-3.3484	-0.0933	-0.2343	-0.1648	0.0105	0.9863	-0.0208	0.9997	-0.0141	-0.9861	-0.0228	-0.1646
115072000	-3.3481	-0.0939	-0.2364	-0.1619	0.0122	0.9867	-0.0202	0.9997	-0.0157	-0.9866	-0.0225	-0.1616
115072125	-3.3486	-0.0955	-0.2354	-0.1622	0.0111	0.9867	-0.0192	0.9997	-0.0144	-0.9866	-0.0213	-0.1620
115072250	-3.3485	-0.0955	-0.2359	-0.1622	0.0116	0.9867	-0.0188	0.9997	-0.0148	-0.9866	-0.0209	-0.1619
115072375	-3.3483	-0.0950	-0.2367	-0.1610	0.0119	0.9869	-0.0188	0.9997	-0.0151	-0.9868	-0.0210	-0.1607
115072500	-3.3480	-0.0964	-0.2350	-0.1618	0.0118	0.9868	-0.0175	0.9997	-0.0148	-0.9867	-0.0196	-0.1615
115072625	-3.3478	-0.0966	-0.2350	-0.1630	0.0114	0.9866	-0.0182	0.9997	-0.0145	-0.9865	-0.0203	-0.1627
115072750	-3.3469	-0.0963	-0.2348	-0.1617	0.0122	0.9868	-0.0183	0.9997	-0.0154	-0.9867	-0.0206	-0.1614
115072875	-3.3457	-0.0990	-0.2332	-0.1595	0.0072	0.9872	-0.0206	0.9997	-0.0106	-0.9870	-0.0220	-0.1593
115073000	-3.3455	-0.0989	-0.2334	-0.1594	0.0056	0.9872	-0.0205	0.9997	-0.0090	-0.9870	-0.0217	-0.1593
115073125	-3.3455	-0.1001	-0.2332	-0.1586	0.0047	0.9873	-0.0187	0.9998	-0.0078	-0.9872	-0.0197	-0.1585
115073250	-3.3456	-0.0989	-0.2340	-0.1602	0.0077	0.9870	-0.0185	0.9998	-0.0108	-0.9869	-0.0200	-0.1601
115073375	-3.3457	-0.0984	-0.2330	-0.1618	0.0073	0.9868	-0.0180	0.9998	-0.0104	-0.9867	-0.0194	-0.1617
115073500	-3.3453	-0.0973	-0.2337	-0.1600	0.0075	0.9871	-0.0194	0.9998	-0.0107	-0.9869	-0.0208	-0.1598
115073625	-3.3461	-0.0979	-0.2332	-0.1612	0.0081	0.9869	-0.0191	0.9998	-0.0113	-0.9867	-0.0207	-0.1610
115073750	-3.3461	-0.0998	-0.2333	-0.1617	0.0094	0.9868	-0.0209	0.9997	-0.0130	-0.9866	-0.0228	-0.1615
115073875	-3.3463	-0.0988	-0.2342	-0.1612	0.0100	0.9869	-0.0217	0.9997	-0.0137	-0.9867	-0.0236	-0.1609
115074000	-3.3466	-0.1003	-0.2349	-0.1613	0.0107	0.9868	-0.0218	0.9997	-0.0144	-0.9867	-0.0239	-0.1610
115074125	-3.3468	-0.1018	-0.2334	-0.1624	0.0121	0.9867	-0.0217	0.9996	-0.0159	-0.9865	-0.0240	-0.1621
115074250	-3.3464	-0.1024	-0.2330	-0.1610	0.0116	0.9869	-0.0205	0.9997	-0.0151	-0.9867	-0.0226	-0.1607
115074375	-3.3466	-0.1033	-0.2340	-0.1610	0.0100	0.9869	-0.0221	0.9997	-0.0137	-0.9867	-0.0240	-0.1608
115074500	-3.3466	-0.1022	-0.2315	-0.1614	0.0101	0.9868	-0.0212	0.9997	-0.0136	-0.9867	-0.0231	-0.1612
115074625	-3.3467	-0.1040	-0.2347	-0.1593	0.0107	0.9872	-0.0203	0.9997	-0.0141	-0.9870	-0.0223	-0.1591
115074750	-3.3472	-0.1042	-0.2313	-0.1591	0.0076	0.9872	-0.0219	0.9997	-0.0112	-0.9870	-0.0235	-0.1589
115074875	-3.3473	-0.1043	-0.2315	-0.1588	0.0057	0.9873	-0.0218	0.9997	-0.0093	-0.9871	-0.0230	-0.1587
115075000	-3.3473	-0.1043	-0.2311	-0.1593	0.0066	0.9872	-0.0227	0.9997	-0.0103	-0.9870	-0.0240	-0.1591
115075125	-3.3474	-0.1039	-0.2308	-0.1596	0.0062	0.9872	-0.0224	0.9997	-0.0099	-0.9869	-0.0237	-0.1594
115075250	-3.3472	-0.1064	-0.2308	-0.1592	0.0046	0.9872	-0.0221	0.9997	-0.0082	-0.9870	-0.0232	-0.1591
115075375	-3.3473	-0.1063	-0.2308	-0.1595	0.0027	0.9872	-0.0219	0.9997	-0.0062	-0.9870	-0.0226	-0.1594
115075500	-3.3472	-0.1043	-0.2297	-0.1594	0.0023	0.9872	-0.0243	0.9997	-0.0063	-0.9869	-0.0250	-0.1593
115075625	-3.3475	-0.1039	-0.2301	-0.1593	0.0039	0.9872	-0.0234	0.9997	-0.0077	-0.9869	-0.0244	-0.1592
115075750	-3.3470	-0.1040	-0.2292	-0.1592	0.0038	0.9872	-0.0235	0.9997	-0.0076	-0.9870	-0.0244	-0.1591
115075875	-3.3470	-0.1004	-0.2278	-0.1614	0.0046	0.9869	-0.0263	0.9996	-0.0089	-0.9865	-0.0274	-0.1612
115076000	-3.3467	-0.0988	-0.2281	-0.1635	0.0069	0.9865	-0.0268	0.9996	-0.0114	-0.9862	-0.0283	-0.1633
115076125	-3.3450	-0.0993	-0.2272	-0.1624	0.0085	0.9867	-0.0255	0.9996	-0.0128	-0.9864	-0.0273	-0.1622
115076250	-3.3450	-0.0995	-0.2278	-0.1639	0.0088	0.9864	-0.0273	0.9995	-0.0134	-0.9861	-0.0292	-0.1636
115076375	-3.3449	-0.0988	-0.2275	-0.1635	0.0075	0.9865	-0.0267	0.9996	-0.0120	-0.9862	-0.0283	-0.1633
115076500	-3.3448	-0.0972	-0.2280	-0.1638	0.0082	0.9865	-0.0269	0.9996	-0.0128	-0.9861	-0.0286	-0.1635
115076625	-3.3447	-0.0983	-0.2293	-0.1646	0.0080	0.9863	-0.0264	0.9996	-0.0125	-0.9860	-0.0281	-0.1643
115076750	-3.3450	-0.0970	-0.2301	-0.1646	0.0116	0.9863	-0.0250	0.9996	-0.0159	-0.9860	-0.0273	-0.1642
115076875	-3.3448	-0.0973	-0.2294	-0.1651	0.0094	0.9862	-0.0260	0.9996	-0.0139	-0.9859	-0.0279	-0.1648
115077000	-3.3448	-0.0968	-0.2290	-0.1655	0.0087	0.9862	-0.0260	0.9996	-0.0132	-0.9859	-0.0279	-0.1652
115077125	-3.3443	-0.0968	-0.2285	-0.1648	0.0073	0.9863	-0.0274	0.9996	-0.0120	-0.9860	-0.0290	-0.1645
115077250	-3.3446	-0.0971	-0.2277	-0.1647	0.0083	0.9863	-0.0275	0.9995	-0.0130	-0.9860	-0.0293	-0.1644
115077375	-3.3443	-0.0987	-0.2283	-0.1623	0.0079	0.9867	-0.0269	0.9996	-0.0125	-0.9864	-0.0286	-0.1620
115077500	-3.3446	-0.0976	-0.2280	-0.1645	0.0079	0.9863	-0.0275	0.9995	-0.0126	-0.9860	-0.0292	-0.1642
115077625	-3.3442	-0.0981	-0.2263	-0.1627	0.0087	0.9866	-0.0264	0.9996	-0.0131	-0.9863	-0.0282	-0.1624
115077750	-3.3446	-0.0974	-0.2268	-0.1630	0.0095	0.9866	-0.0267	0.9995	-0.0140	-0.9863	-0.0286	-0.1627
115077875	-3.3449	-0.0965	-0.2280	-0.1631	0.0094	0.9866	-0.0277	0.9995	-0.0141	-0.9862	-0.0297	-0.1628
115078000	-3.3458	-0.0960	-0.2287	-0.1633	0.0101	0.9865	-0.0281	0.9995	-0.0148	-0.9862	-0.0301	-0.1629
115078125	-3.3453	-0.0955	-0.2289	-0.1633	0.0091	0.9865	-0.0282	0.9995	-0.0139	-0.9862	-0.0301	-0.1630
115078250	-3.3454	-0.0962	-0.2286	-0.1648	0.0092	0.9863	-0.0274	0.9995	-0.0139	-0.9860	-0.0294	-0.1644
115078375	-3.3468	-0.0960	-0.2294	-0.1642	0.0087	0.9864	-0.0274	0.9995	-0.0134	-0.9861	-0.0292	-0.1639
115078500	-3.3468	-0.0968	-0.2299	-0.1652	0.0073	0.9862	-0.0266	0.9996	-0.0119	-0.9859	-0.0282	-0.1649
115078625	-3.3474	-0.0955	-0.2277	-0.1673	0.0070	0.9859	-0.0272	0.9996	-0.0118	-0.9855	-0.0288	-0.1670
115078750	-3.3470	-0.0957	-0.2280	-0.1674	0.0051	0.9859	-0.0297	0.9995	-0.0102	-0.9854	-0.0310	-0.1671
115078875	-3.3472	-0.0956	-0.2296	-0.1669	0.0052	0.9860	-0.0299	0.9995	-0.0104	-0.9855	-0.0312	-0.1667
115079000	-3.3473	-0.0958	-0.2291	-0.1668	0.0062	0.9860	-0.0295	0.9995	-0.0113	-0.9856	-0.0310	-0.1665
115079125	-3.3461	-0.0966	-0.2289	-0.1657	0.0055	0.9862	-0.0277	0.9996	-0.0102	-0.9858	-0.0290	-0.1655
115079250	-3.3465	-0.0970	-0.2296	-0.1660	0.0064	0.9861	-0.0281	0.9995	-0.0112	-0.9857	-0.0295	-0.1657
115079375	-3.3466	-0.0974	-0.2289	-0.1664	0.0067	0.9860	-0.0256	0.9996	-0.0111	-0.9857	-0.0271	-0.1661
115079500	-3.3467	-0.0977	-0.2301	-0.1648	0.0063	0.9863	-0.0262	0.9996	-0.0108	-0.9860	-0.0276	-0.1645
115079625	-3.3469	-0.0973	-0.2287	-0.1658	0.0063	0.9861	-0.0267	0.9996	-0.0109	-0.9858	-0.0282	-0.1655
115079750	-3.3469	-0.0983	-0.2297	-0.1647	0.0069	0.9863	-0.0267	0.9996	-0.0114	-0.9860	-0.0282	-0.1644
115079875	-3.3467	-0.0993	-0.2304	-0.1642	0.0071	0.9864	-0.0279	0.9995	-0.0119	-0.9860	-0.0295	-0.1640
115080000	-3.3467	-0.1003	-0.2301	-0.1640	0.0067	0.9864	-0.0255	0.9996	-0.0110	-0.9861	-0.0269	-0.1637
115080125	-3.3470	-0.1011	-0.2307	-0.1637	0.0063	0.9865	-0.0245	0.9996	-0.0104	-0.9862	-0.0259	-0.1635
115080250	-3.3475	-0.1013	-0.2307	-0.1627	0.0046	0.9867	-0.0249	0.9997	-0.0087	-0.9864	-0.0260	-0.1625
115080375	-3.3475	-0.1020	-0.2306	-0.1620	0.0044	0.9868	-0.0255	0.9996	-0.0086	-0.9865	-0.0266	-0.1619
115080500	-3.3474	-0.1020	-0.2298	-0.1632	0.0044	0.9866	-0.0236	0.9997	-0.0083	-0.9863	-0.0246	-0.1630
115080625	-3.3479	-0.1033	-0.2289	-0.1648	0.0065	0.9863	-0.0230	0.9997	-0.0104	-0.9861	-0.0245	-0.1646
115080750	-3.3477	-0.1029	-0.2279	-0.1656	0.0068	0.9862	-0.0246	0.9996	-0.0111	-0.9859	-0.0261	-0.1653
115080875	-3.3474	-0.1036	-0.2275	-0.1677	0.0068	0.9858	-0.0240	0.9997	-0.0110	-0.9855	-0.0256	-0.1675
115081000	-3.3479	-0.1032	-0.2271	-0.1677	0.0086	0.9858	-0.0238	0.9996	-0.0127	-0.9856	-0.0256	-0.1674
115081125	-3.3475	-0.1044	-0.2280	-0.1646	0.0112	0.9863	-0.0238	0.9996	-0.0154	-0.9861	-0.0260	-0.1642
115081250	-3.3474	-0.1051	-0.2278	-0.1643	0.0111	0.9863	-0.0245	0.9996	-0.0153	-0.9861	-0.0266	-0.1640
115081375	-3.3479	-0.1042	-0.2267	-0.1632	0.0107	0.9865	-0.0252	0.9996	-0.0151	-0.9863	-0.0273	-0.1628
115081500	-3.3479	-0.1046	-0.2280	-0.1638	0.0121	0.9864	-0.0249	0.9996	-0.0164	-0.9862	-0.0273	-0.1634
115081625	-3.3477	-0.1051	-0.2275	-0.1646	0.0095	0.9863	-0.0243	0.9996	-0.0137	-0.9861	-0.0262	-0.1643
115081750	-3.3473	-0.1051	-0.2274	-0.1643	0.0074	0.9864	-0.0239	0.9996	-0.0115	-0.9861	-0.0254	-0.1641
115081875	-3.3478	-0.1061	-0.2258	-0.1646	0.0030	0.9864	-0.0262	0.9996	-0.0074	-0.9860	-0.0271	-0.1645
115082000	-3.3481	-0.1052	-0.2265	-0.1645	0.0027	0.9864	-0.0270	0.9996	-0.0072	-0.9860	-0.0278	-0.1644
115082125	-3.3474	-0.1032	-0.2275	-0.1650	0.0042	0.9863	-0.0269	0.9996	-0.0088	-0.9859	-0.0280	-0.1648
115082250	-3.3480	-0.1039	-0.2290	-0.1649	0.0057	0.9863	-0.0254	0.9996	-0.0100	-0.9860	-0.0267	-0.1646
115082375	-3.3485	-0.1039	-0.2286	-0.1635	0.0040	0.9865	-0.0261	0.9996	-0.0084	-0.9862	-0.0271	-0.1633
115082500	-3.3480	-0.1037	-0.2277	-0.1644	0.0042	0.9864	-0.0256	0.9996	-0.0085	-0.9861	-0.0266	-0.1642
115082625	-3.3475	-0.1021	-0.2271	-0.1649	0.0047	0.9863	-0.0266	0.9996	-0.0092	-0.9860	-0.0278	-0.1647
115082750	-3.3469	-0.0988	-0.2264	-0.1664	0.0067	0.9860	-0.0239	0.9997	-0.0108	-0.9858	-0.0254	-0.1662
115082875	-3.3467	-0.0991	-0.2294	-0.1640	0.0070	0.9864	-0.0230	0.9997	-0.0109	-0.9862	-0.0245	-0.1638
115083000	-3.3469	-0.0987	-0.2262	-0.1662	0.0068	0.9861	-0.0229	0.9997	-0.0107	-0.9858	-0.0243	-0.1660
115083125	-3.3475	-0.0979	-0.2269	-0.1674	0.0082	0.9859	-0.0226	0.9997	-0.0121	-0.9856	-0.0243	-0.1671
115083250	-3.3464	-0.0998	-0.2270	-0.1679	0.0090	0.9858	-0.0240	0.9996	-0.0132	-0.9855	-0.0258	-0.1676
115083375	-3.3461	-0.0992	-0.2263	-0.1672	0.0115	0.9859	-0.0231	0.9996	-0.0155	-0.9857	-0.0253	-0.1669
115083500	-3.3460	-0.0994	-0.2266	-0.1673	0.0097	0.9859	-0.0241	0.9996	-0.0139	-0.9856	-0.0261	-0.1670
115083625	-3.3456	-0.0991	-0.2274	-0.1661	0.0097	0.9861	-0.0251	0.9996	-0.0141	-0.9858	-0.0271	-0.1658
115083750	-3.3457	-0.1009	-0.2281	-0.1656	0.0102	0.9861	-0.0211	0.9997	-0.0138	-0.9860	-0.0231	-0.1653
115083875	-3.3461	-0.0993	-0.2278	-0.1666	0.0088	0.9860	-0.0238	0.9996	-0.0129	-0.9857	-0.0257	-0.1664
115084000	-3.3465	-0.0987	-0.2277	-0.1661	0.0083	0.9861	-0.0240	0.9996	-0.0124	-0.9858	-0.0257	-0.1659
115084125	-3.3461	-0.1007	-0.2272	-0.1650	0.0060	0.9863	-0.0224	0.9997	-0.0098	-0.9860	-0.0237	-0.1648
115084250	-3.3460	-0.1014	-0.2291	-0.1639	0.0076	0.9864	-0.0209	0.9997	-0.0111	-0.9863	-0.0224	-0.1637
115084375	-3.3460	-0.1005	-0.2282	-0.1647	0.0089	0.9863	-0.0208	0.9997	-0.0125	-0.9861	-0.0226	-0.1644
115084500	-3.3461	-0.1015	-0.2276	-0.1638	0.0084	0.9865	-0.0202	0.9997	-0.0118	-0.9863	-0.0218	-0.1636
115084625	-3.3459	-0.1011	-0.2272	-0.1637	0.0081	0.9865	-0.0211	0.9997	-0.0118	-0.9863	-0.0228	-0.1635
115084750	-3.3459	-0.1028	-0.2280	-0.1654	0.0093	0.9862	-0.0211	0.9997	-0.0130	-0.9860	-0.0229	-0.1652
115084875	-3.3461	-0.1025	-0.2281	-0.1641	0.0092	0.9864	-0.0214	0.9997	-0.0129	-0.9862	-0.0233	-0.1639
115085000	-3.3463	-0.1034	-0.2286	-0.1638	0.0101	0.9864	-0.0198	0.9997	-0.0135	-0.9863	-0.0218	-0.1636
115085125	-3.3464	-0.1034	-0.2280	-0.1645	0.0084	0.9863	-0.0207	0.9997	-0.0119	-0.9862	-0.0224	-0.1642
115085250	-3.3464	-0.1020	-0.2280	-0.1633	0.0090	0.9865	-0.0222	0.9997	-0.0128	-0.9863	-0.0239	-0.1631
115085375	-3.3457	-0.1004	-0.2283	-0.1635	0.0077	0.9865	-0.0235	0.9997	-0.0117	-0.9863	-0.0251	-0.1632
115085500	-3.3456	-0.0988	-0.2270	-0.1649	0.0086	0.9863	-0.0236	0.9996	-0.0127	-0.9860	-0.0254	-0.1646
115085625	-3.3457	-0.0985	-0.2271	-0.1645	0.0080	0.9863	-0.0242	0.9996	-0.0121	-0.9861	-0.0259	-0.1643
115085750	-3.3457	-0.0996	-0.2276	-0.1647	0.0091	0.9863	-0.0228	0.9997	-0.0130	-0.9861	-0.0246	-0.1645
115085875	-3.3463	-0.0987	-0.2273	-0.1654	0.0102	0.9862	-0.0232	0.9996	-0.0142	-0.9860	-0.0252	-0.1651
115086000	-3.3460	-0.0995	-0.2283	-0.1652	0.0093	0.9862	-0.0224	0.9997	-0.0132	-0.9860	-0.0242	-0.1650
115086125	-3.3465	-0.0992	-0.2296	-0.1660	0.0098	0.9861	-0.0216	0.9997	-0.0136	-0.9859	-0.0236	-0.1657
115086250	-3.3461	-0.1006	-0.2285	-0.1655	0.0086	0.9862	-0.0233	0.9996	-0.0126	-0.9859	-0.0250	-0.1652
115086375	-3.3462	-0.1024	-0.2288	-0.1650	0.0099	0.9863	-0.0226	0.9996	-0.0138	-0.9860	-0.0246	-0.1647
115086500	-3.3458	-0.1016	-0.2298	-0.1675	0.0135	0.9858	-0.0240	0.9996	-0.0177	-0.9856	-0.0266	-0.1671
115086625	-3.3463	-0.1016	-0.2297	-0.1673	0.0135	0.9858	-0.0235	0.9996	-0.0176	-0.9856	-0.0261	-0.1670
115086750	-3.3459	-0.1012	-0.2295	-0.1664	0.0150	0.9859	-0.0212	0.9996	-0.0188	-0.9858	-0.0241	-0.1660
115086875	-3.3459	-0.1015	-0.2291	-0.1659	0.0151	0.9860	-0.0219	0.9996	-0.0190	-0.9859	-0.0248	-0.1655
115087000	-3.3453	-0.1029	-0.2300	-0.1655	0.0145	0.9861	-0.0202	0.9996	-0.0181	-0.9860	-0.0229	-0.1651
115087125	-3.3453	-0.1001	-0.2309	-0.1648	0.0128	0.9863	-0.0209	0.9996	-0.0164	-0.9861	-0.0233	-0.1644
115087250	-3.3458	-0.1028	-0.2295	-0.1655	0.0146	0.9861	-0.0215	0.9996	-0.0184	-0.9860	-0.0243	-0.1651
115087375	-3.3459	-0.1047	-0.2307	-0.1634	0.0157	0.9864	-0.0199	0.9996	-0.0192	-0.9864	-0.0228	-0.1630
115087500	-3.3459	-0.1050	-0.2302	-0.1648	0.0154	0.9862	-0.0194	0.9996	-0.0189	-0.9861	-0.0222	-0.1645
115087625	-3.3452	-0.1034	-0.2284	-0.1675	0.0140	0.9858	-0.0226	0.9996	-0.0180	-0.9856	-0.0253	-0.1672
115087750	-3.3449	-0.1044	-0.2289	-0.1654	0.0110	0.9862	-0.0232	0.9996	-0.0150	-0.9859	-0.0253	-0.1651
115087875	-3.3460	-0.1048	-0.2295	-0.1667	0.0106	0.9859	-0.0250	0.9996	-0.0150	-0.9857	-0.0272	-0.1664
115088000	-3.3452	-0.1045	-0.2308	-0.1666	0.0132	0.9859	-0.0241	0.9996	-0.0175	-0.9857	-0.0267	-0.1662
115088125	-3.3459	-0.1067	-0.2302	-0.1686	0.0126	0.9856	-0.0240	0.9996	-0.0169	-0.9854	-0.0265	-0.1683
115088250	-3.3457	-0.1078	-0.2300	-0.1679	0.0128	0.9857	-0.0239	0.9996	-0.0171	-0.9855	-0.0264	-0.1675
115088375	-3.3450	-0.1080	-0.2303	-0.1670	0.0147	0.9858	-0.0238	0.9995	-0.0189	-0.9857	-0.0267	-0.1666
115088500	-3.3457	-0.1093	-0.2304	-0.1668	0.0146	0.9859	-0.0231	0.9996	-0.0188	-0.9857	-0.0259	-0.1664
115088625	-3.3456	-0.1112	-0.2296	-0.1682	0.0135	0.9857	-0.0245	0.9995	-0.0178	-0.9854	-0.0271	-0.1678
115088750	-3.3458	-0.1119	-0.2285	-0.1665	0.0135	0.9860	-0.0256	0.9995	-0.0180	-0.9857	-0.0283	-0.1661
115088875	-3.3463	-0.1128	-0.2283	-0.1672	0.0142	0.9858	-0.0258	0.9995	-0.0187	-0.9856	-0.0286	-0.1667
115089000	-3.3460	-0.1130	-0.2280	-0.1661	0.0119	0.9860	-0.0266	0.9995	-0.0165	-0.9857	-0.0290	-0.1657
115089125	-3.3472	-0.1108	-0.2278	-0.1666	0.0140	0.9859	-0.0246	0.9995	-0.0183	-0.9857	-0.0273	-0.1662
115089250	-3.3473	-0.1112	-0.2279	-0.1663	0.0147	0.9860	-0.0256	0.9995	-0.0193	-0.9857	-0.0285	-0.1659
115089375	-3.3471	-0.1050	-0.2285	-0.1685	0.0131	0.9856	-0.0249	0.9995	-0.0175	-0.9854	-0.0275	-0.1681
115089500	-3.3468	-0.1055	-0.2289	-0.1664	0.0144	0.9860	-0.0240	0.9995	-0.0186	-0.9858	-0.0268	-0.1660
115089625	-3.3463	-0.1042	-0.2280	-0.1662	0.0134	0.9860	-0.0259	0.9995	-0.0180	-0.9858	-0.0286	-0.1657
115089750	-3.3466	-0.1053	-0.2295	-0.1669	0.0141	0.9859	-0.0249	0.9995	-0.0185	-0.9857	-0.0277	-0.1665
115089875	-3.3477	-0.1046	-0.2299	-0.1661	0.0135	0.9860	-0.0272	0.9995	-0.0182	-0.9857	-0.0299	-0.1657
115090000	-3.3480	-0.1034	-0.2297	-0.1669	0.0123	0.9859	-0.0277	0.9995	-0.0172	-0.9856	-0.0302	-0.1665
115090125	-3.3483	-0.1040	-0.2302	-0.1681	0.0127	0.9857	-0.0264	0.9995	-0.0174	-0.9854	-0.0290	-0.1677
115090250	-3.3473	-0.1054	-0.2310	-0.1668	0.0105	0.9859	-0.0272	0.9995	-0.0153	-0.9856	-0.0294	-0.1664
115090375	-3.3475	-0.1055	-0.2303	-0.1665	0.0111	0.9860	-0.0274	0.9995	-0.0158	-0.9857	-0.0297	-0.1662
115090500	-3.3478	-0.1057	-0.2304	-0.1667	0.0121	0.9859	-0.0285	0.9994	-0.0171	-0.9856	-0.0310	-0.1663
115090625	-3.3479	-0.1053	-0.2290	-0.1683	0.0116	0.9857	-0.0283	0.9995	-0.0166	-0.9853	-0.0307	-0.1679
115090750	-3.3478	-0.1049	-0.2291	-0.1677	0.0130	0.9858	-0.0276	0.9995	-0.0179	-0.9855	-0.0302	-0.1672
115090875	-3.3468	-0.1015	-0.2297	-0.1677	0.0123	0.9858	-0.0258	0.9995	-0.0168	-0.9855	-0.0282	-0.1673
115091000	-3.3466	-0.1001	-0.2302	-0.1682	0.0131	0.9857	-0.0240	0.9996	-0.0174	-0.9855	-0.0266	-0.1678
115091125	-3.3466	-0.1006	-0.2305	-0.1680	0.0119	0.9857	-0.0238	0.9996	-0.0161	-0.9855	-0.0262	-0.1676
115091250	-3.3466	-0.1001	-0.2307	-0.1707	0.0117	0.9852	-0.0245	0.9996	-0.0162	-0.9850	-0.0269	-0.1704
115091375	-3.3466	-0.0997	-0.2311	-0.1685	0.0122	0.9856	-0.0237	0.9996	-0.0165	-0.9854	-0.0261	-0.1681
115091500	-3.3460	-0.0981	-0.2319	-0.1682	0.0116	0.9857	-0.0242	0.9996	-0.0159	-0.9855	-0.0265	-0.1678
115091625	-3.3458	-0.0974	-0.2320	-0.1678	0.0121	0.9857	-0.0252	0.9995	-0.0165	-0.9855	-0.0276	-0.1674
115091750	-3.3457	-0.0967	-0.2330	-0.1664	0.0117	0.9860	-0.0241	0.9996	-0.0159	-0.9858	-0.0264	-0.1661
115091875	-3.3454	-0.0958	-0.2324	-0.1658	0.0116	0.9861	-0.0275	0.9995	-0.0164	-0.9858	-0.0299	-0.1654
115092000	-3.3450	-0.0954	-0.2331	-0.1655	0.0124	0.9861	-0.0276	0.9995	-0.0172	-0.9858	-0.0301	-0.1650
115092125	-3.3448	-0.0938	-0.2321	-0.1656	0.0115	0.9861	-0.0289	0.9994	-0.0165	-0.9858	-0.0312	-0.1652
115092250	-3.3450	-0.0951	-0.2319	-0.1654	0.0103	0.9862	-0.0278	0.9995	-0.0151	-0.9858	-0.0299	-0.1651
115092375	-3.3448	-0.0938	-0.2319	-0.1654	0.0102	0.9862	-0.0276	0.9995	-0.0149	-0.9858	-0.0297	-0.1650
115092500	-3.3447	-0.0934	-0.2316	-0.1658	0.0112	0.9861	-0.0261	0.9995	-0.0158	-0.9858	-0.0284	-0.1654
115092625	-3.3446	-0.0919	-0.2303	-0.1680	0.0126	0.9857	-0.0264	0.9995	-0.0173	-0.9854	-0.0289	-0.1675
115092750	-3.3449	-0.0924	-0.2311	-0.1671	0.0135	0.9859	-0.0256	0.9995	-0.0180	-0.9856	-0.0282	-0.1666
115092875	-3.3460	-0.0966	-0.2289	-0.1680	0.0133	0.9857	-0.0257	0.9995	-0.0178	-0.9855	-0.0283	-0.1676
115093000	-3.3463	-0.0987	-0.2297	-0.1662	0.0138	0.9860	-0.0252	0.9995	-0.0183	-0.9858	-0.0279	-0.1658
115093125	-3.3460	-0.0990	-0.2281	-0.1674	0.0153	0.9858	-0.0255	0.9995	-0.0198	-0.9856	-0.0285	-0.1669
115093250	-3.3462	-0.1004	-0.2290	-0.1676	0.0160	0.9857	-0.0266	0.9994	-0.0207	-0.9855	-0.0297	-0.1671
115093375	-3.3463	-0.0994	-0.2299	-0.1671	0.0145	0.9858	-0.0282	0.9994	-0.0195	-0.9855	-0.0310	-0.1666
115093500	-3.3466	-0.0996	-0.2289	-0.1682	0.0147	0.9857	-0.0290	0.9994	-0.0199	-0.9853	-0.0319	-0.1676
115093625	-3.3467	-0.1002	-0.2288	-0.1680	0.0138	0.9857	-0.0282	0.9994	-0.0188	-0.9854	-0.0310	-0.1675
115093750	-3.3470	-0.1009	-0.2299	-0.1687	0.0140	0.9856	-0.0263	0.9995	-0.0187	-0.9853	-0.0290	-0.1683
115093875	-3.3470	-0.1014	-0.2294	-0.1688	0.0114	0.9856	-0.0281	0.9995	-0.0164	-0.9853	-0.0304	-0.1684
115094000	-3.3471	-0.1032	-0.2312	-0.1673	0.0090	0.9859	-0.0282	0.9995	-0.0139	-0.9855	-0.0302	-0.1669
115094125	-3.3477	-0.1054	-0.2311	-0.1681	0.0097	0.9857	-0.0268	0.9995	-0.0144	-0.9854	-0.0289	-0.1678
115094250	-3.3476	-0.1035	-0.2306	-0.1698	0.0099	0.9854	-0.0285	0.9995	-0.0150	-0.9851	-0.0306	-0.1694
115094375	-3.3478	-0.1028	-0.2294	-0.1683	0.0087	0.9857	-0.0306	0.9994	-0.0141	-0.9853	-0.0325	-0.1679
115094500	-3.3477	-0.1022	-0.2291	-0.1694	0.0100	0.9855	-0.0296	0.9994	-0.0152	-0.9851	-0.0317	-0.1690
115094625	-3.3478	-0.1039	-0.2293	-0.1699	0.0115	0.9854	-0.0290	0.9994	-0.0167	-0.9850	-0.0314	-0.1695
115094750	-3.3480	-0.1065	-0.2302	-0.1704	0.0114	0.9853	-0.0281	0.9995	-0.0165	-0.9850	-0.0305	-0.1700
115094875	-3.3473	-0.1076	-0.2306	-0.1687	0.0094	0.9856	-0.0298	0.9994	-0.0146	-0.9852	-0.0319	-0.1683
115095000	-3.3467	-0.1079	-0.2308	-0.1703	0.0115	0.9853	-0.0283	0.9995	-0.0165	-0.9850	-0.0307	-0.1698
115095125	-3.3464	-0.1074	-0.2316	-0.1679	0.0119	0.9857	-0.0289	0.9994	-0.0170	-0.9854	-0.0314	-0.1675
115095250	-3.3460	-0.1064	-0.2317	-0.1685	0.0119	0.9856	-0.0313	0.9994	-0.0174	-0.9852	-0.0337	-0.1681
115095375	-3.3462	-0.1057	-0.2314	-0.1690	0.0118	0.9856	-0.0307	0.9994	-0.0172	-0.9851	-0.0331	-0.1685
115095500	-3.3466	-0.1068	-0.2307	-0.1704	0.0118	0.9853	-0.0316	0.9993	-0.0175	-0.9849	-0.0341	-0.1699
115095625	-3.3465	-0.1078	-0.2300	-0.1693	0.0104	0.9855	-0.0299	0.9994	-0.0157	-0.9851	-0.0321	-0.1689
115095750	-3.3465	-0.1066	-0.2307	-0.1694	0.0112	0.9855	-0.0307	0.9994	-0.0166	-0.9851	-0.0331	-0.1689
115095875	-3.3458	-0.1054	-0.2295	-0.1689	0.0100	0.9856	-0.0308	0.9994	-0.0154	-0.9851	-0.0329	-0.1685
115096000	-3.3457	-0.1016	-0.2277	-0.1712	0.0112	0.9852	-0.0290	0.9994	-0.0164	-0.9848	-0.0313	-0.1708
115096125	-3.3454	-0.1007	-0.2308	-0.1685	0.0123	0.9856	-0.0280	0.9995	-0.0172	-0.9853	-0.0305	-0.1680
115096250	-3.3453	-0.0991	-0.2315	-0.1675	0.0127	0.9858	-0.0278	0.9995	-0.0176	-0.9855	-0.0303	-0.1670
115096375	-3.3460	-0.0986	-0.2301	-0.1677	0.0085	0.9858	-0.0281	0.9995	-0.0134	-0.9854	-0.0299	-0.1674
115096500	-3.3458	-0.1002	-0.2303	-0.1671	0.0086	0.9859	-0.0277	0.9995	-0.0134	-0.9855	-0.0296	-0.1668
115096625	-3.3450	-0.0995	-0.2305	-0.1675	0.0081	0.9858	-0.0270	0.9996	-0.0128	-0.9855	-0.0288	-0.1672
115096750	-3.3452	-0.0989	-0.2318	-0.1680	0.0088	0.9857	-0.0267	0.9996	-0.0135	-0.9854	-0.0286	-0.1677
115096875	-3.3450	-0.0982	-0.2311	-0.1684	0.0099	0.9857	-0.0274	0.9995	-0.0147	-0.9853	-0.0295	-0.1681
115097000	-3.3450	-0.0972	-0.2331	-0.1689	0.0088	0.9856	-0.0288	0.9995	-0.0139	-0.9852	-0.0307	-0.1686
115097125	-3.3449	-0.0967	-0.2315	-0.1692	0.0104	0.9855	-0.0285	0.9995	-0.0154	-0.9852	-0.0307	-0.1688
115097250	-3.3447	-0.0951	-0.2307	-0.1693	0.0109	0.9855	-0.0293	0.9994	-0.0161	-0.9851	-0.0316	-0.1689
115097375	-3.3444	-0.0942	-0.2299	-0.1695	0.0118	0.9855	-0.0310	0.9994	-0.0173	-0.9850	-0.0335	-0.1691
115097500	-3.3454	-0.0950	-0.2306	-0.1718	0.0112	0.9851	-0.0289	0.9994	-0.0164	-0.9847	-0.0313	-0.1714
115097625	-3.3457	-0.0948	-0.2297	-0.1708	0.0117	0.9852	-0.0292	0.9994	-0.0170	-0.9849	-0.0317	-0.1703
115097750	-3.3451	-0.0948	-0.2283	-0.1709	0.0111	0.9852	-0.0280	0.9995	-0.0162	-0.9849	-0.0303	-0.1705
115097875	-3.3456	-0.0941	-0.2299	-0.1706	0.0114	0.9853	-0.0276	0.9995	-0.0163	-0.9850	-0.0300	-0.1702
115098000	-3.3453	-0.0924	-0.2295	-0.1714	0.0120	0.9851	-0.0274	0.9995	-0.0169	-0.9848	-0.0299	-0.1710
115098125	-3.3460	-0.0920	-0.2294	-0.1702	0.0097	0.9854	-0.0274	0.9995	-0.0146	-0.9850	-0.0295	-0.1698
115098250	-3.3455	-0.0936	-0.2288	-0.1703	0.0099	0.9853	-0.0274	0.9995	-0.0148	-0.9850	-0.0295	-0.1699
115098375	-3.3459	-0.0936	-0.2287	-0.1705	0.0098	0.9853	-0.0271	0.9995	-0.0147	-0.9850	-0.0293	-0.1702
115098500	-3.3456	-0.0921	-0.2290	-0.1705	0.0076	0.9853	-0.0270	0.9996	-0.0124	-0.9850	-0.0287	-0.1702
115098625	-3.3457	-0.0922	-0.2282	-0.1704	0.0080	0.9853	-0.0272	0.9995	-0.0128	-0.9850	-0.0290	-0.1701
115098750	-3.3462	-0.0949	-0.2280	-0.1697	0.0052	0.9855	-0.0299	0.9995	-0.0104	-0.9850	-0.0312	-0.1695
115098875	-3.3469	-0.0965	-0.2299	-0.1689	0.0061	0.9856	-0.0326	0.9994	-0.0118	-0.9851	-0.0342	-0.1686
115099000	-3.3464	-0.0962	-0.2296	-0.1705	0.0057	0.9853	-0.0342	0.9993	-0.0117	-0.9848	-0.0357	-0.1702
115099125	-3.3469	-0.0967	-0.2301	-0.1698	0.0059	0.9855	-0.0341	0.9993	-0.0119	-0.9849	-0.0356	-0.1695
115099250	-3.3465	-0.0982	-0.2301	-0.1708	0.0056	0.9853	-0.0337	0.9994	-0.0115	-0.9847	-0.0352	-0.1705
115099375	-3.3461	-0.0993	-0.2297	-0.1691	0.0071	0.9856	-0.0331	0.9994	-0.0129	-0.9850	-0.0348	-0.1688
115099500	-3.3466	-0.0994	-0.2292	-0.1706	0.0070	0.9853	-0.0323	0.9994	-0.0127	-0.9848	-0.0340	-0.1703
115099625	-3.3470	-0.0974	-0.2292	-0.1706	0.0058	0.9853	-0.0347	0.9993	-0.0119	-0.9847	-0.0362	-0.1703
115099750	-3.3470	-0.0961	-0.2301	-0.1715	0.0091	0.9851	-0.0327	0.9994	-0.0149	-0.9846	-0.0347	-0.1710
115099875	-3.3471	-0.0965	-0.2295	-0.1713	0.0110	0.9852	-0.0323	0.9993	-0.0168	-0.9847	-0.0347	-0.1708
115100000	-3.3463	-0.0963	-0.2306	-0.1700	0.0105	0.9854	-0.0314	0.9994	-0.0161	-0.9849	-0.0336	-0.1696
115100125	-3.3468	-0.0959	-0.2306	-0.1708	0.0111	0.9853	-0.0313	0.9994	-0.0167	-0.9848	-0.0337	-0.1703
115100250	-3.3463	-0.0977	-0.2311	-0.1703	0.0111	0.9853	-0.0304	0.9994	-0.0165	-0.9849	-0.0327	-0.1698
115100375	-3.3468	-0.0953	-0.2313	-0.1695	0.0109	0.9855	-0.0316	0.9994	-0.0165	-0.9850	-0.0340	-0.1690
115100500	-3.3473	-0.0947	-0.2320	-0.1705	0.0103	0.9853	-0.0315	0.9994	-0.0159	-0.9849	-0.0337	-0.1701
115100625	-3.3469	-0.0943	-0.2318	-0.1706	0.0111	0.9853	-0.0299	0.9994	-0.0164	-0.9849	-0.0323	-0.1702
115100750	-3.3469	-0.0942	-0.2326	-0.1700	0.0112	0.9854	-0.0300	0.9994	-0.0165	-0.9850	-0.0323	-0.1696
115100875	-3.3466	-0.0940	-0.2321	-0.1701	0.0102	0.9854	-0.0318	0.9994	-0.0159	-0.9849	-0.0340	-0.1696
115101000	-3.3466	-0.0943	-0.2317	-0.1705	0.0094	0.9853	-0.0305	0.9994	-0.0148	-0.9849	-0.0325	-0.1701
115101125	-3.3467	-0.0952	-0.2326	-0.1690	0.0105	0.9856	-0.0290	0.9995	-0.0156	-0.9852	-0.0312	-0.1686
115101250	-3.3467	-0.0945	-0.2320	-0.1700	0.0097	0.9854	-0.0299	0.9994	-0.0150	-0.9850	-0.0320	-0.1696
115101375	-3.3471	-0.0960	-0.2318	-0.1697	0.0084	0.9855	-0.0306	0.9994	-0.0138	-0.9850	-0.0325	-0.1693
115101500	-3.3470	-0.0962	-0.2315	-0.1701	0.0101	0.9854	-0.0286	0.9995	-0.0152	-0.9850	-0.0308	-0.1698
115101625	-3.3471	-0.0962	-0.2305	-0.1703	0.0104	0.9853	-0.0308	0.9994	-0.0159	-0.9849	-0.0330	-0.1699
115101750	-3.3472	-0.0944	-0.2307	-0.1708	0.0104	0.9853	-0.0312	0.9994	-0.0159	-0.9848	-0.0335	-0.1703
115101875	-3.3461	-0.0961	-0.2291	-0.1712	0.0108	0.9852	-0.0316	0.9994	-0.0164	-0.9847	-0.0339	-0.1707
115102000	-3.3459	-0.0960	-0.2293	-0.1717	0.0107	0.9851	-0.0326	0.9993	-0.0165	-0.9846	-0.0349	-0.1712
115102125	-3.3462	-0.0968	-0.2289	-0.1713	0.0097	0.9852	-0.0314	0.9994	-0.0153	-0.9847	-0.0336	-0.1709
115102250	-3.3456	-0.0957	-0.2290	-0.1709	0.0100	0.9852	-0.0334	0.9993	-0.0159	-0.9847	-0.0356	-0.1704
115102375	-3.3454	-0.0961	-0.2298	-0.1711	0.0106	0.9852	-0.0341	0.9993	-0.0166	-0.9847	-0.0364	-0.1706
115102500	-3.3453	-0.0981	-0.2305	-0.1685	0.0109	0.9856	-0.0329	0.9993	-0.0167	-0.9852	-0.0352	-0.1680
115102625	-3.3457	-0.0984	-0.2302	-0.1696	0.0103	0.9855	-0.0333	0.9993	-0.0162	-0.9849	-0.0356	-0.1692
115102750	-3.3455	-0.0984	-0.2309	-0.1681	0.0126	0.9857	-0.0301	0.9994	-0.0179	-0.9853	-0.0327	-0.1676
115102875	-3.3453	-0.0987	-0.2298	-0.1694	0.0107	0.9855	-0.0316	0.9994	-0.0163	-0.9850	-0.0339	-0.1689
115103000	-3.3450	-0.0988	-0.2304	-0.1687	0.0104	0.9856	-0.0314	0.9994	-0.0159	-0.9852	-0.0336	-0.1683
115103125	-3.3450	-0.0989	-0.2296	-0.1698	0.0106	0.9854	-0.0316	0.9994	-0.0162	-0.9850	-0.0339	-0.1694
115103250	-3.3450	-0.0993	-0.2300	-0.1685	0.0089	0.9857	-0.0310	0.9994	-0.0144	-0.9852	-0.0330	-0.1682
115103375	-3.3451	-0.0994	-0.2309	-0.1690	0.0095	0.9856	-0.0314	0.9994	-0.0150	-0.9851	-0.0334	-0.1686
115103500	-3.3452	-0.0993	-0.2296	-0.1697	0.0098	0.9854	-0.0304	0.9994	-0.0152	-0.9850	-0.0326	-0.1693
115103625	-3.3453	-0.0981	-0.2307	-0.1698	0.0101	0.9854	-0.0320	0.9994	-0.0158	-0.9850	-0.0342	-0.1694
115103750	-3.3451	-0.0982	-0.2314	-0.1697	0.0104	0.9854	-0.0316	0.9994	-0.0160	-0.9850	-0.0338	-0.1693
115103875	-3.3449	-0.0983	-0.2312	-0.1702	0.0072	0.9854	-0.0317	0.9994	-0.0128	-0.9849	-0.0335	-0.1698
115104000	-3.3446	-0.0975	-0.2301	-0.1694	0.0071	0.9855	-0.0326	0.9994	-0.0128	-0.9850	-0.0343	-0.1691
115104125	-3.3446	-0.0970	-0.2304	-0.1704	0.0088	0.9853	-0.0326	0.9994	-0.0145	-0.9848	-0.0346	-0.1700
115104250	-3.3449	-0.0961	-0.2304	-0.1696	0.0090	0.9855	-0.0335	0.9993	-0.0149	-0.9849	-0.0355	-0.1692
115104375	-3.3447	-0.0973	-0.2306	-0.1697	0.0088	0.9855	-0.0324	0.9994	-0.0145	-0.9850	-0.0343	-0.1693
115104500	-3.3450	-0.0951	-0.2308	-0.1704	0.0086	0.9853	-0.0330	0.9994	-0.0144	-0.9848	-0.0350	-0.1700
115104625	-3.3448	-0.0959	-0.2298	-0.1705	0.0101	0.9853	-0.0330	0.9993	-0.0159	-0.9848	-0.0352	-0.1701
115104750	-3.3454	-0.0961	-0.2318	-0.1686	0.0094	0.9856	-0.0315	0.9994	-0.0149	-0.9852	-0.0336	-0.1682
115104875	-3.3453	-0.0957	-0.2320	-0.1695	0.0089	0.9855	-0.0314	0.9994	-0.0144	-0.9850	-0.0334	-0.1691
115105000	-3.3454	-0.0957	-0.2311	-0.1703	0.0099	0.9853	-0.0319	0.9994	-0.0156	-0.9849	-0.0341	-0.1699
115105125	-3.3454	-0.0963	-0.2320	-0.1695	0.0100	0.9855	-0.0305	0.9994	-0.0154	-0.9851	-0.0327	-0.1691
115105250	-3.3459	-0.0946	-0.2316	-0.1705	0.0093	0.9853	-0.0299	0.9994	-0.0146	-0.9849	-0.0320	-0.1701
115105375	-3.3460	-0.0945	-0.2318	-0.1701	0.0107	0.9854	-0.0302	0.9994	-0.0161	-0.9850	-0.0325	-0.1697
115105500	-3.3459	-0.0949	-0.2322	-0.1701	0.0094	0.9854	-0.0300	0.9994	-0.0147	-0.9850	-0.0320	-0.1697
115105625	-3.3459	-0.0953	-0.2319	-0.1711	0.0104	0.9852	-0.0299	0.9994	-0.0158	-0.9848	-0.0321	-0.1707
115105750	-3.3455	-0.0947	-0.2315	-0.1702	0.0112	0.9854	-0.0300	0.9994	-0.0166	-0.9850	-0.0324	-0.1697
115105875	-3.3460	-0.0945	-0.2321	-0.1700	0.0109	0.9854	-0.0309	0.9994	-0.0164	-0.9850	-0.0332	-0.1695
115106000	-3.3459	-0.0945	-0.2307	-0.1699	0.0083	0.9854	-0.0299	0.9995	-0.0135	-0.9850	-0.0318	-0.1695
115106125	-3.3462	-0.0939	-0.2313	-0.1700	0.0091	0.9854	-0.0310	0.9994	-0.0146	-0.9850	-0.0330	-0.1696
115106250	-3.3459	-0.0935	-0.2304	-0.1703	0.0087	0.9854	-0.0310	0.9994	-0.0142	-0.9849	-0.0329	-0.1699
115106375	-3.3464	-0.0925	-0.2309	-0.1699	0.0064	0.9854	-0.0321	0.9994	-0.0120	-0.9849	-0.0337	-0.1696
115106500	-3.3462	-0.0952	-0.2306	-0.1702	0.0063	0.9854	-0.0302	0.9995	-0.0116	-0.9849	-0.0318	-0.1700
115106625	-3.3464	-0.0945	-0.2307	-0.1693	0.0061	0.9855	-0.0295	0.9995	-0.0113	-0.9851	-0.0310	-0.1690
115106750	-3.3468	-0.0958	-0.2303	-0.1698	0.0082	0.9854	-0.0305	0.9994	-0.0136	-0.9850	-0.0323	-0.1695
115106875	-3.3464	-0.0963	-0.2293	-0.1698	0.0078	0.9854	-0.0327	0.9994	-0.0135	-0.9849	-0.0345	-0.1695
115107000	-3.3466	-0.0971	-0.2296	-0.1693	0.0078	0.9855	-0.0320	0.9994	-0.0134	-0.9850	-0.0338	-0.1689
115107125	-3.3473	-0.0971	-0.2299	-0.1701	0.0069	0.9854	-0.0327	0.9994	-0.0126	-0.9849	-0.0343	-0.1698
115107250	-3.3466	-0.0974	-0.2298	-0.1696	0.0069	0.9855	-0.0328	0.9994	-0.0127	-0.9850	-0.0345	-0.1692
115107375	-3.3473	-0.0963	-0.2300	-0.1706	0.0077	0.9853	-0.0329	0.9994	-0.0135	-0.9848	-0.0347	-0.1702
115107500	-3.3470	-0.0955	-0.2288	-0.1704	0.0061	0.9854	-0.0321	0.9994	-0.0117	-0.9849	-0.0336	-0.1701
115107625	-3.3467	-0.0957	-0.2288	-0.1694	0.0062	0.9855	-0.0325	0.9994	-0.0118	-0.9850	-0.0340	-0.1691
115107750	-3.3462	-0.0958	-0.2289	-0.1699	0.0044	0.9854	-0.0316	0.9995	-0.0099	-0.9850	-0.0328	-0.1697
115107875	-3.3462	-0.0981	-0.2281	-0.1701	0.0059	0.9854	-0.0327	0.9994	-0.0116	-0.9849	-0.0342	-0.1698
115108000	-3.3463	-0.0984	-0.2292	-0.1697	0.0049	0.9855	-0.0337	0.9994	-0.0108	-0.9849	-0.0351	-0.1694
115108125	-3.3462	-0.0988	-0.2289	-0.1696	0.0044	0.9855	-0.0330	0.9994	-0.0101	-0.9850	-0.0342	-0.1693
115108250	-3.3463	-0.0978	-0.2299	-0.1682	0.0048	0.9857	-0.0329	0.9994	-0.0104	-0.9852	-0.0342	-0.1680
115108375	-3.3465	-0.0989	-0.2285	-0.1695	0.0037	0.9855	-0.0335	0.9994	-0.0095	-0.9850	-0.0346	-0.1692
115108500	-3.3461	-0.1003	-0.2303	-0.1682	0.0072	0.9857	-0.0321	0.9994	-0.0128	-0.9852	-0.0338	-0.1679
115108625	-3.3464	-0.1007	-0.2303	-0.1685	0.0056	0.9857	-0.0334	0.9994	-0.0114	-0.9851	-0.0348	-0.1682
115108750	-3.3466	-0.1039	-0.2312	-0.1671	0.0083	0.9859	-0.0312	0.9994	-0.0137	-0.9854	-0.0330	-0.1667
115108875	-3.3458	-0.1038	-0.2318	-0.1704	0.0100	0.9853	-0.0316	0.9994	-0.0156	-0.9849	-0.0338	-0.1700
115109000	-3.3456	-0.1073	-0.2325	-0.1681	0.0097	0.9857	-0.0306	0.9994	-0.0151	-0.9853	-0.0327	-0.1677
115109125	-3.3457	-0.1065	-0.2319	-0.1677	0.0115	0.9858	-0.0307	0.9994	-0.0169	-0.9854	-0.0331	-0.1672
115109250	-3.3453	-0.1072	-0.2326	-0.1669	0.0109	0.9859	-0.0297	0.9994	-0.0160	-0.9855	-0.0319	-0.1665
115109375	-3.3458	-0.1076	-0.2316	-0.1678	0.0106	0.9858	-0.0303	0.9994	-0.0159	-0.9854	-0.0326	-0.1674
115109500	-3.3451	-0.1070	-0.2310	-0.1680	0.0102	0.9857	-0.0297	0.9994	-0.0154	-0.9853	-0.0319	-0.1676
115109625	-3.3461	-0.1069	-0.2320	-0.1687	0.0106	0.9856	-0.0299	0.9994	-0.0158	-0.9852	-0.0322	-0.1683
115109750	-3.3462	-0.1067	-0.2319	-0.1687	0.0092	0.9856	-0.0304	0.9994	-0.0146	-0.9852	-0.0324	-0.1683
115109875	-3.3458	-0.1074	-0.2309	-0.1705	0.0094	0.9853	-0.0295	0.9995	-0.0146	-0.9849	-0.0315	-0.1701
115110000	-3.3458	-0.1072	-0.2303	-0.1713	0.0072	0.9852	-0.0306	0.9995	-0.0126	-0.9847	-0.0323	-0.1710
115110125	-3.3459	-0.1080	-0.2313	-0.1702	0.0082	0.9854	-0.0302	0.9995	-0.0135	-0.9850	-0.0320	-0.1698
115110250	-3.3454	-0.1087	-0.2291	-0.1718	0.0103	0.9851	-0.0301	0.9994	-0.0157	-0.9847	-0.0323	-0.1714
115110375	-3.3453	-0.1079	-0.2304	-0.1696	0.0096	0.9855	-0.0292	0.9995	-0.0148	-0.9851	-0.0313	-0.1693
115110500	-3.3449	-0.1069	-0.2307	-0.1688	0.0102	0.9856	-0.0300	0.9994	-0.0155	-0.9852	-0.0321	-0.1684
115110625	-3.3454	-0.1076	-0.2302	-0.1708	0.0106	0.9853	-0.0293	0.9994	-0.0159	-0.9849	-0.0315	-0.1703
115110750	-3.3453	-0.1066	-0.2317	-0.1711	0.0093	0.9852	-0.0285	0.9995	-0.0144	-0.9848	-0.0306	-0.1707
115110875	-3.3453	-0.1036	-0.2324	-0.1702	0.0092	0.9854	-0.0290	0.9995	-0.0144	-0.9850	-0.0310	-0.1699
115111000	-3.3452	-0.1035	-0.2328	-0.1706	0.0099	0.9853	-0.0292	0.9995	-0.0151	-0.9849	-0.0314	-0.1702
115111125	-3.3454	-0.1028	-0.2327	-0.1696	0.0113	0.9854	-0.0291	0.9994	-0.0164	-0.9851	-0.0314	-0.1692
115111250	-3.3456	-0.1021	-0.2329	-0.1701	0.0103	0.9854	-0.0287	0.9995	-0.0154	-0.9850	-0.0309	-0.1697
115111375	-3.3454	-0.1026	-0.2325	-0.1701	0.0108	0.9854	-0.0286	0.9995	-0.0159	-0.9850	-0.0309	-0.1697
115111500	-3.3455	-0.1034	-0.2323	-0.1701	0.0090	0.9854	-0.0278	0.9995	-0.0139	-0.9850	-0.0297	-0.1697
115111625	-3.3459	-0.1020	-0.2328	-0.1707	0.0094	0.9853	-0.0285	0.9995	-0.0145	-0.9849	-0.0306	-0.1703
115111750	-3.3464	-0.1006	-0.2324	-0.1701	0.0083	0.9854	-0.0264	0.9996	-0.0130	-0.9851	-0.0283	-0.1698
115111875	-3.3463	-0.0982	-0.2332	-0.1695	0.0100	0.9855	-0.0283	0.9995	-0.0150	-0.9851	-0.0304	-0.1691
115112000	-3.3458	-0.0981	-0.2343	-0.1694	0.0115	0.9855	-0.0282	0.9995	-0.0165	-0.9851	-0.0306	-0.1690
115112125	-3.3454	-0.0976	-0.2317	-0.1715	0.0104	0.9851	-0.0291	0.9995	-0.0156	-0.9847	-0.0313	-0.1711
115112250	-3.3458	-0.0992	-0.2334	-0.1692	0.0096	0.9855	-0.0286	0.9995	-0.0146	-0.9852	-0.0306	-0.1688
115112375	-3.3460	-0.0982	-0.2326	-0.1702	0.0093	0.9854	-0.0304	0.9994	-0.0147	-0.9849	-0.0324	-0.1698
115112500	-3.3454	-0.0983	-0.2325	-0.1699	0.0098	0.9854	-0.0299	0.9994	-0.0151	-0.9850	-0.0321	-0.1695
115112625	-3.3451	-0.0985	-0.2336	-0.1701	0.0094	0.9854	-0.0278	0.9995	-0.0143	-0.9850	-0.0298	-0.1697
115112750	-3.3450	-0.0979	-0.2332	-0.1703	0.0110	0.9853	-0.0285	0.9995	-0.0160	-0.9850	-0.0308	-0.1699
115112875	-3.3450	-0.0979	-0.2333	-0.1702	0.0090	0.9854	-0.0286	0.9995	-0.0141	-0.9850	-0.0306	-0.1698
115113000	-3.3445	-0.0982	-0.2325	-0.1704	0.0095	0.9853	-0.0284	0.9995	-0.0145	-0.9850	-0.0304	-0.1701
115113125	-3.3447	-0.0979	-0.2318	-0.1703	0.0088	0.9854	-0.0286	0.9995	-0.0138	-0.9850	-0.0306	-0.1700
115113250	-3.3450	-0.0980	-0.2317	-0.1712	0.0074	0.9852	-0.0295	0.9995	-0.0127	-0.9848	-0.0313	-0.1709
115113375	-3.3448	-0.0979	-0.2312	-0.1707	0.0083	0.9853	-0.0298	0.9995	-0.0136	-0.9849	-0.0317	-0.1704
115113500	-3.3448	-0.0984	-0.2316	-0.1700	0.0104	0.9854	-0.0293	0.9994	-0.0156	-0.9850	-0.0315	-0.1696
115113625	-3.3451	-0.0984	-0.2327	-0.1711	0.0121	0.9852	-0.0285	0.9994	-0.0172	-0.9848	-0.0310	-0.1706
115113750	-3.3454	-0.0982	-0.2328	-0.1702	0.0127	0.9853	-0.0283	0.9994	-0.0177	-0.9850	-0.0309	-0.1698
115113875	-3.3458	-0.0992	-0.2324	-0.1697	0.0100	0.9854	-0.0319	0.9994	-0.0157	-0.9850	-0.0341	-0.1693
115114000	-3.3454	-0.0999	-0.2310	-0.1693	0.0091	0.9855	-0.0334	0.9993	-0.0149	-0.9850	-0.0354	-0.1689
115114125	-3.3454	-0.0998	-0.2312	-0.1707	0.0071	0.9853	-0.0328	0.9994	-0.0129	-0.9848	-0.0345	-0.1704
115114250	-3.3451	-0.0988	-0.2300	-0.1709	0.0077	0.9853	-0.0333	0.9994	-0.0136	-0.9847	-0.0351	-0.1706
115114375	-3.3449	-0.1001	-0.2301	-0.1710	0.0084	0.9852	-0.0332	0.9993	-0.0143	-0.9847	-0.0352	-0.1706
115114500	-3.3444	-0.1002	-0.2303	-0.1708	0.0058	0.9853	-0.0338	0.9994	-0.0117	-0.9847	-0.0353	-0.1705
115114625	-3.3448	-0.0993	-0.2312	-0.1701	0.0072	0.9854	-0.0335	0.9994	-0.0131	-0.9849	-0.0353	-0.1697
115114750	-3.3437	-0.1003	-0.2340	-0.1665	0.0051	0.9860	-0.0313	0.9995	-0.0104	-0.9855	-0.0326	-0.1662
115114875	-3.3441	-0.1021	-0.2356	-0.1654	0.0057	0.9862	-0.0308	0.9995	-0.0110	-0.9857	-0.0322	-0.1651
115115000	-3.3443	-0.1002	-0.2346	-0.1651	0.0050	0.9863	-0.0308	0.9995	-0.0102	-0.9858	-0.0321	-0.1648
115115125	-3.3443	-0.1030	-0.2354	-0.1640	0.0047	0.9864	-0.0291	0.9995	-0.0096	-0.9860	-0.0302	-0.1638
115115250	-3.3434	-0.1017	-0.2347	-0.1651	0.0055	0.9863	-0.0294	0.9995	-0.0105	-0.9858	-0.0307	-0.1649
115115375	-3.3436	-0.1013	-0.2356	-0.1643	0.0066	0.9864	-0.0291	0.9995	-0.0115	-0.9860	-0.0306	-0.1640
115115500	-3.3435	-0.1004	-0.2345	-0.1658	0.0063	0.9861	-0.0305	0.9995	-0.0115	-0.9857	-0.0320	-0.1655
115115625	-3.3439	-0.0987	-0.2352	-0.1648	0.0063	0.9863	-0.0303	0.9995	-0.0115	-0.9859	-0.0318	-0.1645
115115750	-3.3438	-0.0989	-0.2346	-0.1650	0.0072	0.9863	-0.0310	0.9994	-0.0125	-0.9858	-0.0327	-0.1647
115115875	-3.3438	-0.0989	-0.2331	-0.1662	0.0076	0.9861	-0.0297	0.9995	-0.0127	-0.9856	-0.0314	-0.1659
115116000	-3.3452	-0.0993	-0.2341	-0.1651	0.0067	0.9863	-0.0305	0.9995	-0.0119	-0.9858	-0.0320	-0.1648
115116125	-3.3448	-0.0996	-0.2348	-0.1663	0.0081	0.9860	-0.0298	0.9995	-0.0132	-0.9856	-0.0316	-0.1659
