META	HEADER	GNSS location/orientation script
META	VERSION	1.0.0
META	FORMAT	ASCII
META	CONTENT	DEFAULT
META	END
iTOW	Origin_X	Origin_Y	Origin_Z	Basis_XX	Basis_XY	Basis_XZ	Basis_YX	Basis_YY	Basis_YZ	Basis_ZX	Basis_ZY	Basis_ZZ
124087750	0.7807	0.3432	0.1481	0.0466	0.0064	-0.9989	0.1349	0.9908	0.0126	0.9898	-0.1354	0.0453
124087875	0.7812	0.3422	0.1493	0.0459	0.0061	-0.9989	0.1352	0.9907	0.0123	0.9897	-0.1356	0.0447
124088000	0.7808	0.3409	0.1496	0.0465	0.0063	-0.9989	0.1334	0.9910	0.0125	0.9900	-0.1339	0.0452
124088125	0.7813	0.3420	0.1487	0.0464	0.0053	-0.9989	0.1352	0.9907	0.0115	0.9897	-0.1356	0.0453
124088250	0.7808	0.3394	0.1500	0.0464	0.0077	-0.9989	0.1342	0.9909	0.0138	0.9899	-0.1347	0.0450
124088375	0.7813	0.3404	0.1511	0.0458	0.0062	-0.9989	0.1345	0.9908	0.0124	0.9898	-0.1350	0.0445
124088500	0.7811	0.3415	0.1500	0.0462	0.0057	-0.9989	0.1356	0.9907	0.0119	0.9897	-0.1360	0.0450
124088625	0.7804	0.3420	0.1519	0.0459	0.0057	-0.9989	0.1349	0.9908	0.0118	0.9898	-0.1353	0.0447
124088750	0.7803	0.3413	0.1505	0.0459	0.0063	-0.9989	0.1334	0.9910	0.0124	0.9900	-0.1338	0.0447
124088875	0.7804	0.3418	0.1514	0.0460	0.0074	-0.9989	0.1340	0.9909	0.0136	0.9899	-0.1345	0.0446
124089000	0.7807	0.3427	0.1514	0.0457	0.0047	-0.9989	0.1350	0.9908	0.0108	0.9898	-0.1354	0.0447
124089125	0.7799	0.3427	0.1512	0.0463	0.0060	-0.9989	0.1339	0.9909	0.0121	0.9899	-0.1344	0.0451
124089250	0.7800	0.3428	0.1517	0.0458	0.0060	-0.9989	0.1344	0.9909	0.0121	0.9899	-0.1348	0.0445
124089375	0.7798	0.3425	0.1514	0.0459	0.0062	-0.9989	0.1347	0.9908	0.0123	0.9898	-0.1351	0.0446
124089500	0.7803	0.3439	0.1507	0.0466	0.0046	-0.9989	0.1351	0.9908	0.0109	0.9897	-0.1355	0.0455
124089625	0.7806	0.3445	0.1510	0.0454	0.0043	-0.9990	0.1347	0.9908	0.0104	0.9898	-0.1350	0.0444
124089750	0.7798	0.3455	0.1484	0.0473	0.0037	-0.9989	0.1349	0.9908	0.0100	0.9897	-0.1352	0.0464
124089875	0.7799	0.3451	0.1496	0.0466	0.0036	-0.9989	0.1348	0.9908	0.0099	0.9898	-0.1352	0.0457
124090000	0.7800	0.3465	0.1489	0.0472	0.0041	-0.9989	0.1363	0.9906	0.0105	0.9895	-0.1367	0.0462
124090125	0.7799	0.3460	0.1494	0.0469	0.0031	-0.9989	0.1347	0.9908	0.0094	0.9898	-0.1350	0.0460
124090250	0.7793	0.3465	0.1495	0.0464	0.0019	-0.9989	0.1350	0.9908	0.0082	0.9898	-0.1353	0.0458
124090375	0.7788	0.3458	0.1493	0.0470	0.0032	-0.9989	0.1347	0.9908	0.0095	0.9898	-0.1350	0.0461
124090500	0.7793	0.3466	0.1492	0.0474	0.0029	-0.9989	0.1350	0.9908	0.0093	0.9897	-0.1353	0.0466
124090625	0.7787	0.3478	0.1474	0.0466	0.0056	-0.9989	0.1346	0.9908	0.0118	0.9898	-0.1351	0.0455
124090750	0.7792	0.3488	0.1485	0.0463	0.0044	-0.9989	0.1344	0.9909	0.0106	0.9898	-0.1347	0.0452
124090875	0.7784	0.3482	0.1482	0.0463	0.0046	-0.9989	0.1336	0.9910	0.0108	0.9899	-0.1340	0.0453
124091000	0.7789	0.3483	0.1470	0.0468	0.0033	-0.9989	0.1339	0.9909	0.0095	0.9899	-0.1342	0.0459
124091125	0.7795	0.3467	0.1473	0.0462	0.0046	-0.9989	0.1329	0.9911	0.0107	0.9900	-0.1333	0.0452
124091250	0.7796	0.3486	0.1458	0.0471	0.0024	-0.9989	0.1342	0.9909	0.0087	0.9898	-0.1345	0.0463
124091375	0.7783	0.3465	0.1462	0.0465	0.0056	-0.9989	0.1331	0.9910	0.0118	0.9900	-0.1335	0.0454
124091500	0.7781	0.3468	0.1470	0.0463	0.0036	-0.9989	0.1319	0.9912	0.0097	0.9902	-0.1322	0.0454
124091625	0.7787	0.3465	0.1462	0.0466	0.0066	-0.9989	0.1325	0.9911	0.0128	0.9901	-0.1330	0.0453
124091750	0.7782	0.3470	0.1458	0.0463	0.0031	-0.9989	0.1322	0.9912	0.0092	0.9901	-0.1324	0.0455
124091875	0.7781	0.3458	0.1465	0.0463	0.0073	-0.9989	0.1326	0.9911	0.0134	0.9901	-0.1330	0.0449
124092000	0.7789	0.3488	0.1461	0.0461	0.0061	-0.9989	0.1326	0.9911	0.0122	0.9901	-0.1330	0.0449
124092125	0.7787	0.3483	0.1450	0.0474	0.0063	-0.9989	0.1328	0.9911	0.0125	0.9900	-0.1332	0.0461
124092250	0.7787	0.3492	0.1456	0.0468	0.0068	-0.9989	0.1329	0.9910	0.0130	0.9900	-0.1333	0.0455
124092375	0.7786	0.3489	0.1455	0.0468	0.0049	-0.9989	0.1328	0.9911	0.0111	0.9900	-0.1332	0.0458
124092500	0.7787	0.3488	0.1462	0.0466	0.0071	-0.9989	0.1324	0.9911	0.0133	0.9901	-0.1329	0.0452
124092625	0.7790	0.3502	0.1446	0.0473	0.0060	-0.9989	0.1336	0.9910	0.0122	0.9899	-0.1340	0.0461
124092750	0.7789	0.3487	0.1453	0.0463	0.0073	-0.9989	0.1328	0.9911	0.0134	0.9901	-0.1333	0.0449
124092875	0.7792	0.3493	0.1451	0.0459	0.0085	-0.9989	0.1317	0.9912	0.0144	0.9902	-0.1322	0.0443
124093000	0.7783	0.3493	0.1444	0.0466	0.0084	-0.9989	0.1322	0.9911	0.0145	0.9901	-0.1327	0.0451
124093125	0.7787	0.3491	0.1450	0.0453	0.0079	-0.9989	0.1323	0.9911	0.0138	0.9902	-0.1328	0.0439
124093250	0.7781	0.3485	0.1441	0.0455	0.0076	-0.9989	0.1314	0.9912	0.0135	0.9903	-0.1319	0.0441
124093375	0.7782	0.3475	0.1444	0.0456	0.0085	-0.9989	0.1307	0.9913	0.0144	0.9904	-0.1312	0.0441
124093500	0.7784	0.3506	0.1450	0.0442	0.0048	-0.9990	0.1310	0.9913	0.0105	0.9904	-0.1314	0.0432
124093625	0.7777	0.3489	0.1449	0.0452	0.0031	-0.9990	0.1307	0.9914	0.0090	0.9904	-0.1309	0.0444
124093750	0.7799	0.3463	0.1435	0.0451	0.0026	-0.9990	0.1310	0.9913	0.0085	0.9904	-0.1313	0.0443
124093875	0.7792	0.3465	0.1451	0.0451	0.0037	-0.9990	0.1312	0.9913	0.0096	0.9903	-0.1315	0.0442
124094000	0.7799	0.3475	0.1434	0.0446	0.0008	-0.9990	0.1321	0.9912	0.0067	0.9902	-0.1323	0.0441
124094125	0.7796	0.3463	0.1438	0.0447	0.0020	-0.9990	0.1324	0.9912	0.0079	0.9902	-0.1326	0.0441
124094250	0.7791	0.3475	0.1479	0.0439	0.0046	-0.9990	0.1341	0.9909	0.0104	0.9900	-0.1344	0.0429
124094375	0.7796	0.3462	0.1453	0.0448	0.0052	-0.9990	0.1322	0.9912	0.0111	0.9902	-0.1326	0.0437
124094500	0.7798	0.3468	0.1471	0.0429	0.0020	-0.9991	0.1325	0.9911	0.0077	0.9903	-0.1327	0.0422
124094625	0.7797	0.3470	0.1458	0.0441	0.0051	-0.9990	0.1321	0.9912	0.0109	0.9903	-0.1324	0.0430
124094750	0.7803	0.3485	0.1468	0.0429	0.0018	-0.9991	0.1333	0.9911	0.0075	0.9902	-0.1335	0.0423
124094875	0.7799	0.3476	0.1463	0.0437	0.0051	-0.9990	0.1327	0.9911	0.0108	0.9902	-0.1331	0.0426
124095000	0.7806	0.3475	0.1450	0.0440	0.0041	-0.9990	0.1311	0.9913	0.0099	0.9904	-0.1314	0.0431
124095125	0.7796	0.3481	0.1467	0.0428	0.0046	-0.9991	0.1340	0.9909	0.0103	0.9901	-0.1343	0.0418
124095250	0.7803	0.3479	0.1463	0.0452	0.0040	-0.9990	0.1333	0.9910	0.0100	0.9900	-0.1337	0.0442
124095375	0.7806	0.3469	0.1503	0.0419	0.0035	-0.9991	0.1330	0.9911	0.0091	0.9902	-0.1332	0.0411
124095500	0.7801	0.3470	0.1487	0.0445	0.0055	-0.9990	0.1342	0.9909	0.0114	0.9900	-0.1345	0.0433
124095625	0.7798	0.3467	0.1488	0.0442	0.0057	-0.9990	0.1350	0.9908	0.0116	0.9899	-0.1353	0.0430
124095750	0.7802	0.3456	0.1492	0.0440	0.0053	-0.9990	0.1351	0.9908	0.0112	0.9899	-0.1355	0.0429
124095875	0.7800	0.3457	0.1465	0.0455	0.0059	-0.9989	0.1343	0.9909	0.0120	0.9899	-0.1347	0.0443
124096000	0.7812	0.3449	0.1472	0.0444	0.0038	-0.9990	0.1346	0.9909	0.0097	0.9899	-0.1349	0.0435
124096125	0.7809	0.3449	0.1440	0.0463	0.0044	-0.9989	0.1344	0.9909	0.0106	0.9898	-0.1348	0.0453
124096250	0.7798	0.3456	0.1478	0.0449	0.0028	-0.9990	0.1349	0.9908	0.0088	0.9898	-0.1352	0.0441
124096375	0.7803	0.3451	0.1452	0.0459	0.0030	-0.9989	0.1346	0.9909	0.0091	0.9898	-0.1349	0.0451
124096500	0.7804	0.3454	0.1462	0.0447	0.0028	-0.9990	0.1342	0.9909	0.0087	0.9899	-0.1345	0.0439
124096625	0.7806	0.3474	0.1456	0.0453	0.0023	-0.9990	0.1368	0.9906	0.0085	0.9896	-0.1371	0.0446
124096750	0.7805	0.3451	0.1455	0.0459	0.0025	-0.9989	0.1353	0.9908	0.0087	0.9897	-0.1355	0.0451
124096875	0.7808	0.3460	0.1460	0.0454	0.0022	-0.9990	0.1350	0.9908	0.0083	0.9898	-0.1353	0.0447
124097000	0.7807	0.3442	0.1448	0.0469	0.0037	-0.9989	0.1353	0.9908	0.0100	0.9897	-0.1356	0.0460
124097125	0.7805	0.3453	0.1450	0.0460	0.0039	-0.9989	0.1351	0.9908	0.0101	0.9898	-0.1354	0.0451
124097250	0.7796	0.3448	0.1454	0.0469	0.0038	-0.9989	0.1356	0.9907	0.0102	0.9897	-0.1359	0.0460
124097375	0.7799	0.3454	0.1442	0.0473	0.0025	-0.9989	0.1359	0.9907	0.0089	0.9896	-0.1362	0.0465
124097500	0.7803	0.3451	0.1446	0.0465	0.0041	-0.9989	0.1359	0.9907	0.0104	0.9896	-0.1362	0.0455
124097625	0.7808	0.3440	0.1449	0.0468	0.0049	-0.9989	0.1352	0.9908	0.0112	0.9897	-0.1356	0.0457
124097750	0.7806	0.3458	0.1450	0.0468	0.0039	-0.9989	0.1352	0.9908	0.0103	0.9897	-0.1355	0.0459
124097875	0.7807	0.3446	0.1449	0.0474	0.0061	-0.9989	0.1345	0.9908	0.0124	0.9898	-0.1349	0.0462
124098000	0.7812	0.3440	0.1470	0.0463	0.0045	-0.9989	0.1350	0.9908	0.0107	0.9898	-0.1353	0.0452
124098125	0.7808	0.3442	0.1460	0.0471	0.0048	-0.9989	0.1356	0.9907	0.0112	0.9896	-0.1360	0.0460
124098250	0.7816	0.3442	0.1471	0.0463	0.0034	-0.9989	0.1353	0.9908	0.0097	0.9897	-0.1356	0.0454
124098375	0.7811	0.3433	0.1468	0.0464	0.0047	-0.9989	0.1358	0.9907	0.0109	0.9896	-0.1362	0.0454
124098500	0.7820	0.3446	0.1472	0.0458	0.0035	-0.9989	0.1359	0.9907	0.0097	0.9897	-0.1362	0.0450
124098625	0.7809	0.3445	0.1465	0.0473	0.0041	-0.9989	0.1363	0.9906	0.0105	0.9895	-0.1367	0.0463
124098750	0.7813	0.3442	0.1454	0.0480	0.0040	-0.9988	0.1357	0.9907	0.0104	0.9896	-0.1361	0.0470
124098875	0.7813	0.3457	0.1457	0.0472	0.0035	-0.9989	0.1370	0.9905	0.0100	0.9894	-0.1373	0.0463
124099000	0.7816	0.3448	0.1461	0.0467	0.0037	-0.9989	0.1362	0.9906	0.0101	0.9896	-0.1365	0.0458
124099125	0.7813	0.3440	0.1461	0.0466	0.0040	-0.9989	0.1355	0.9907	0.0103	0.9897	-0.1358	0.0456
124099250	0.7812	0.3442	0.1456	0.0469	0.0044	-0.9989	0.1354	0.9907	0.0107	0.9897	-0.1358	0.0459
124099375	0.7818	0.3449	0.1460	0.0466	0.0010	-0.9989	0.1348	0.9908	0.0072	0.9898	-0.1350	0.0460
124099500	0.7817	0.3455	0.1471	0.0471	0.0030	-0.9989	0.1369	0.9905	0.0095	0.9895	-0.1372	0.0462
124099625	0.7822	0.3473	0.1457	0.0473	0.0029	-0.9989	0.1382	0.9904	0.0094	0.9893	-0.1385	0.0465
124099750	0.7809	0.3465	0.1465	0.0456	0.0026	-0.9990	0.1380	0.9904	0.0089	0.9894	-0.1382	0.0448
124099875	0.7811	0.3477	0.1457	0.0457	0.0019	-0.9990	0.1384	0.9903	0.0082	0.9893	-0.1386	0.0450
124100000	0.7809	0.3457	0.1451	0.0460	0.0019	-0.9989	0.1377	0.9904	0.0082	0.9894	-0.1380	0.0453
124100125	0.7807	0.3460	0.1453	0.0461	0.0038	-0.9989	0.1370	0.9905	0.0101	0.9895	-0.1374	0.0452
124100250	0.7811	0.3475	0.1456	0.0455	0.0029	-0.9990	0.1378	0.9904	0.0092	0.9894	-0.1381	0.0447
124100375	0.7809	0.3474	0.1455	0.0456	0.0017	-0.9990	0.1369	0.9906	0.0079	0.9895	-0.1371	0.0449
124100500	0.7807	0.3464	0.1453	0.0458	0.0035	-0.9989	0.1367	0.9906	0.0097	0.9896	-0.1370	0.0449
124100625	0.7808	0.3470	0.1457	0.0458	0.0017	-0.9990	0.1364	0.9906	0.0080	0.9896	-0.1366	0.0451
124100750	0.7812	0.3479	0.1461	0.0459	0.0032	-0.9989	0.1364	0.9906	0.0095	0.9896	-0.1367	0.0451
124100875	0.7809	0.3470	0.1454	0.0461	0.0026	-0.9989	0.1363	0.9906	0.0089	0.9896	-0.1365	0.0453
124101000	0.7816	0.3479	0.1452	0.0461	0.0022	-0.9989	0.1365	0.9906	0.0085	0.9896	-0.1367	0.0453
124101125	0.7810	0.3471	0.1459	0.0459	0.0026	-0.9989	0.1349	0.9908	0.0087	0.9898	-0.1352	0.0451
124101250	0.7813	0.3481	0.1458	0.0463	0.0018	-0.9989	0.1365	0.9906	0.0082	0.9896	-0.1367	0.0456
124101375	0.7813	0.3478	0.1474	0.0454	0.0028	-0.9990	0.1359	0.9907	0.0090	0.9897	-0.1362	0.0446
124101500	0.7816	0.3469	0.1477	0.0452	0.0030	-0.9990	0.1363	0.9906	0.0092	0.9896	-0.1365	0.0444
124101625	0.7808	0.3457	0.1473	0.0459	0.0029	-0.9989	0.1345	0.9909	0.0091	0.9898	-0.1348	0.0451
124101750	0.7807	0.3440	0.1483	0.0450	0.0060	-0.9990	0.1339	0.9909	0.0120	0.9900	-0.1343	0.0438
124101875	0.7803	0.3432	0.1478	0.0462	0.0065	-0.9989	0.1338	0.9909	0.0127	0.9899	-0.1342	0.0449
124102000	0.7809	0.3447	0.1489	0.0450	0.0057	-0.9990	0.1355	0.9907	0.0118	0.9898	-0.1359	0.0438
124102125	0.7812	0.3455	0.1489	0.0445	0.0057	-0.9990	0.1347	0.9908	0.0116	0.9899	-0.1351	0.0433
124102250	0.7815	0.3465	0.1488	0.0445	0.0056	-0.9990	0.1341	0.9909	0.0115	0.9900	-0.1345	0.0434
124102375	0.7804	0.3443	0.1491	0.0444	0.0057	-0.9990	0.1342	0.9909	0.0117	0.9900	-0.1346	0.0432
124102500	0.7808	0.3440	0.1474	0.0443	0.0040	-0.9990	0.1330	0.9911	0.0099	0.9901	-0.1333	0.0434
124102625	0.7805	0.3438	0.1491	0.0439	0.0055	-0.9990	0.1333	0.9910	0.0113	0.9901	-0.1336	0.0428
124102750	0.7797	0.3436	0.1478	0.0443	0.0044	-0.9990	0.1339	0.9909	0.0103	0.9900	-0.1343	0.0433
124102875	0.7799	0.3446	0.1480	0.0448	0.0067	-0.9990	0.1342	0.9909	0.0127	0.9899	-0.1347	0.0435
124103000	0.7799	0.3449	0.1483	0.0445	0.0059	-0.9990	0.1343	0.9909	0.0118	0.9899	-0.1347	0.0433
124103125	0.7794	0.3421	0.1495	0.0436	0.0053	-0.9990	0.1333	0.9910	0.0110	0.9901	-0.1337	0.0425
124103250	0.7799	0.3436	0.1481	0.0440	0.0062	-0.9990	0.1348	0.9908	0.0121	0.9899	-0.1352	0.0428
124103375	0.7789	0.3406	0.1492	0.0442	0.0070	-0.9990	0.1345	0.9908	0.0129	0.9899	-0.1349	0.0428
124103500	0.7793	0.3412	0.1489	0.0438	0.0061	-0.9990	0.1333	0.9910	0.0119	0.9901	-0.1337	0.0426
124103625	0.7798	0.3427	0.1479	0.0445	0.0066	-0.9990	0.1345	0.9908	0.0126	0.9899	-0.1349	0.0432
124103750	0.7798	0.3428	0.1491	0.0441	0.0053	-0.9990	0.1341	0.9909	0.0111	0.9900	-0.1345	0.0430
124103875	0.7798	0.3428	0.1500	0.0438	0.0063	-0.9990	0.1343	0.9909	0.0121	0.9900	-0.1347	0.0426
124104000	0.7796	0.3433	0.1491	0.0447	0.0059	-0.9990	0.1363	0.9906	0.0119	0.9897	-0.1367	0.0435
124104125	0.7790	0.3414	0.1492	0.0450	0.0057	-0.9990	0.1342	0.9909	0.0117	0.9899	-0.1346	0.0438
124104250	0.7799	0.3423	0.1497	0.0447	0.0070	-0.9990	0.1350	0.9908	0.0130	0.9898	-0.1354	0.0433
124104375	0.7794	0.3415	0.1487	0.0454	0.0066	-0.9989	0.1343	0.9909	0.0126	0.9899	-0.1347	0.0441
124104500	0.7799	0.3413	0.1490	0.0454	0.0077	-0.9989	0.1342	0.9909	0.0137	0.9899	-0.1347	0.0439
124104625	0.7800	0.3400	0.1510	0.0444	0.0071	-0.9990	0.1340	0.9909	0.0130	0.9900	-0.1345	0.0430
124104750	0.7805	0.3424	0.1538	0.0431	0.0036	-0.9991	0.1331	0.9911	0.0094	0.9902	-0.1334	0.0422
124104875	0.7813	0.3435	0.1527	0.0433	0.0061	-0.9990	0.1324	0.9911	0.0118	0.9903	-0.1328	0.0421
124105000	0.7820	0.3443	0.1494	0.0463	0.0081	-0.9989	0.1343	0.9908	0.0143	0.9899	-0.1348	0.0448
124105125	0.7818	0.3436	0.1504	0.0454	0.0069	-0.9989	0.1331	0.9910	0.0129	0.9901	-0.1335	0.0440
124105250	0.7822	0.3439	0.1521	0.0445	0.0053	-0.9990	0.1343	0.9909	0.0113	0.9899	-0.1347	0.0434
124105375	0.7812	0.3415	0.1516	0.0452	0.0079	-0.9989	0.1338	0.9909	0.0139	0.9900	-0.1343	0.0438
124105500	0.7819	0.3429	0.1521	0.0443	0.0071	-0.9990	0.1336	0.9910	0.0130	0.9901	-0.1340	0.0429
124105625	0.7813	0.3406	0.1530	0.0447	0.0059	-0.9990	0.1331	0.9910	0.0118	0.9901	-0.1335	0.0435
124105750	0.7816	0.3439	0.1487	0.0450	0.0058	-0.9990	0.1337	0.9910	0.0118	0.9900	-0.1341	0.0439
124105875	0.7819	0.3434	0.1498	0.0445	0.0065	-0.9990	0.1338	0.9909	0.0124	0.9900	-0.1342	0.0432
124106000	0.7824	0.3463	0.1499	0.0440	0.0035	-0.9990	0.1340	0.9909	0.0093	0.9900	-0.1343	0.0432
124106125	0.7818	0.3458	0.1499	0.0441	0.0052	-0.9990	0.1346	0.9908	0.0111	0.9899	-0.1349	0.0430
124106250	0.7815	0.3429	0.1511	0.0445	0.0054	-0.9990	0.1328	0.9911	0.0113	0.9901	-0.1332	0.0434
124106375	0.7823	0.3443	0.1507	0.0445	0.0045	-0.9990	0.1329	0.9911	0.0104	0.9901	-0.1333	0.0435
124106500	0.7822	0.3438	0.1508	0.0443	0.0043	-0.9990	0.1321	0.9912	0.0101	0.9902	-0.1324	0.0433
124106625	0.7818	0.3446	0.1501	0.0456	0.0055	-0.9989	0.1343	0.9909	0.0116	0.9899	-0.1347	0.0444
124106750	0.7821	0.3469	0.1484	0.0450	0.0044	-0.9990	0.1352	0.9908	0.0105	0.9898	-0.1355	0.0440
124106875	0.7817	0.3457	0.1473	0.0458	0.0038	-0.9989	0.1351	0.9908	0.0100	0.9898	-0.1354	0.0448
124107000	0.7824	0.3464	0.1500	0.0441	0.0039	-0.9990	0.1349	0.9908	0.0098	0.9899	-0.1352	0.0432
124107125	0.7819	0.3463	0.1483	0.0460	0.0046	-0.9989	0.1346	0.9908	0.0107	0.9898	-0.1350	0.0450
124107250	0.7814	0.3456	0.1488	0.0454	0.0056	-0.9990	0.1319	0.9912	0.0115	0.9902	-0.1323	0.0442
124107375	0.7818	0.3470	0.1496	0.0446	0.0042	-0.9990	0.1343	0.9909	0.0101	0.9899	-0.1347	0.0437
124107500	0.7802	0.3476	0.1518	0.0458	0.0030	-0.9989	0.1360	0.9907	0.0092	0.9897	-0.1362	0.0450
124107625	0.7799	0.3477	0.1529	0.0445	0.0035	-0.9990	0.1365	0.9906	0.0095	0.9896	-0.1368	0.0436
124107750	0.7801	0.3484	0.1516	0.0442	0.0031	-0.9990	0.1362	0.9906	0.0091	0.9897	-0.1365	0.0434
124107875	0.7802	0.3473	0.1535	0.0435	0.0041	-0.9990	0.1358	0.9907	0.0100	0.9898	-0.1361	0.0426
124108000	0.7803	0.3484	0.1516	0.0442	0.0038	-0.9990	0.1365	0.9906	0.0099	0.9896	-0.1368	0.0432
124108125	0.7807	0.3486	0.1477	0.0466	0.0031	-0.9989	0.1364	0.9906	0.0095	0.9896	-0.1367	0.0457
124108250	0.7810	0.3496	0.1473	0.0465	0.0041	-0.9989	0.1362	0.9906	0.0104	0.9896	-0.1365	0.0455
124108375	0.7806	0.3491	0.1491	0.0454	0.0039	-0.9990	0.1354	0.9907	0.0101	0.9897	-0.1357	0.0444
124108500	0.7808	0.3499	0.1479	0.0450	0.0074	-0.9990	0.1360	0.9906	0.0135	0.9897	-0.1364	0.0436
124108625	0.7807	0.3511	0.1444	0.0423	0.0047	-0.9991	0.1383	0.9903	0.0105	0.9895	-0.1386	0.0413
124108750	0.7800	0.3501	0.1424	0.0426	0.0056	-0.9991	0.1363	0.9906	0.0113	0.9898	-0.1366	0.0414
124108875	0.7794	0.3493	0.1419	0.0407	0.0093	-0.9991	0.1403	0.9900	0.0150	0.9893	-0.1408	0.0390
124109000	0.7785	0.3523	0.1405	0.0422	0.0111	-0.9990	0.1418	0.9897	0.0170	0.9890	-0.1424	0.0402
124109125	0.7780	0.3628	0.1418	0.0392	0.0232	-0.9990	0.1465	0.9888	0.0287	0.9884	-0.1475	0.0354
124109250	0.7769	0.3596	0.1444	0.0434	0.0187	-0.9989	0.1444	0.9892	0.0248	0.9886	-0.1454	0.0403
124109375	0.7780	0.3514	0.1494	0.0446	0.0078	-0.9990	0.1411	0.9899	0.0140	0.9890	-0.1415	0.0430
124109500	0.7801	0.3369	0.1491	0.0445	-0.0022	-0.9990	0.1340	0.9910	0.0038	0.9900	-0.1341	0.0444
124109625	0.7794	0.3395	0.1534	0.0461	-0.0009	-0.9989	0.1356	0.9908	0.0053	0.9897	-0.1357	0.0458
124109750	0.7788	0.3462	0.1515	0.0420	0.0073	-0.9991	0.1390	0.9902	0.0130	0.9894	-0.1394	0.0406
124109875	0.7818	0.3423	0.1489	0.0466	0.0017	-0.9989	0.1365	0.9906	0.0081	0.9895	-0.1368	0.0459
124110000	0.7801	0.3455	0.1527	0.0437	0.0049	-0.9990	0.1374	0.9905	0.0108	0.9895	-0.1378	0.0426
124110125	0.7805	0.3436	0.1510	0.0443	0.0034	-0.9990	0.1376	0.9904	0.0095	0.9895	-0.1379	0.0434
124110250	0.7815	0.3469	0.1500	0.0457	0.0073	-0.9989	0.1385	0.9903	0.0136	0.9893	-0.1390	0.0442
124110375	0.7811	0.3436	0.1498	0.0427	0.0032	-0.9991	0.1364	0.9906	0.0090	0.9897	-0.1367	0.0419
124110500	0.7815	0.3442	0.1499	0.0441	0.0011	-0.9990	0.1360	0.9907	0.0071	0.9897	-0.1361	0.0436
124110625	0.7825	0.3462	0.1479	0.0446	0.0040	-0.9990	0.1368	0.9906	0.0101	0.9896	-0.1371	0.0437
124110750	0.7825	0.3443	0.1470	0.0443	0.0032	-0.9990	0.1372	0.9905	0.0093	0.9896	-0.1374	0.0434
124110875	0.7804	0.3435	0.1465	0.0452	0.0038	-0.9990	0.1358	0.9907	0.0099	0.9897	-0.1361	0.0443
124111000	0.7815	0.3432	0.1471	0.0448	0.0046	-0.9990	0.1359	0.9907	0.0107	0.9897	-0.1362	0.0438
124111125	0.7819	0.3476	0.1450	0.0464	0.0060	-0.9989	0.1391	0.9902	0.0124	0.9892	-0.1395	0.0451
124111250	0.7817	0.3471	0.1476	0.0450	0.0075	-0.9990	0.1391	0.9902	0.0137	0.9893	-0.1395	0.0435
124111375	0.7823	0.3475	0.1470	0.0456	0.0074	-0.9989	0.1387	0.9902	0.0137	0.9893	-0.1392	0.0441
124111500	0.7818	0.3472	0.1471	0.0455	0.0076	-0.9989	0.1390	0.9902	0.0138	0.9892	-0.1395	0.0440
124111625	0.7812	0.3465	0.1474	0.0453	0.0075	-0.9989	0.1387	0.9902	0.0138	0.9893	-0.1392	0.0438
124111750	0.7808	0.3458	0.1474	0.0453	0.0071	-0.9989	0.1385	0.9903	0.0133	0.9893	-0.1389	0.0439
124111875	0.7804	0.3452	0.1474	0.0453	0.0050	-0.9990	0.1388	0.9903	0.0112	0.9893	-0.1392	0.0442
124112000	0.7807	0.3465	0.1477	0.0443	0.0043	-0.9990	0.1393	0.9902	0.0104	0.9893	-0.1397	0.0433
124112125	0.7808	0.3454	0.1454	0.0456	0.0049	-0.9989	0.1380	0.9904	0.0111	0.9894	-0.1384	0.0445
124112250	0.7800	0.3447	0.1452	0.0465	0.0055	-0.9989	0.1369	0.9905	0.0118	0.9895	-0.1373	0.0453
124112375	0.7794	0.3442	0.1467	0.0449	0.0039	-0.9990	0.1375	0.9905	0.0101	0.9895	-0.1378	0.0439
124112500	0.7800	0.3449	0.1473	0.0455	0.0059	-0.9989	0.1370	0.9905	0.0121	0.9895	-0.1374	0.0443
124112625	0.7798	0.3467	0.1480	0.0443	0.0063	-0.9990	0.1382	0.9903	0.0124	0.9894	-0.1386	0.0430
124112750	0.7789	0.3467	0.1476	0.0445	0.0074	-0.9990	0.1381	0.9903	0.0135	0.9894	-0.1385	0.0431
124112875	0.7792	0.3474	0.1471	0.0451	0.0057	-0.9990	0.1384	0.9903	0.0119	0.9893	-0.1388	0.0439
124113000	0.7790	0.3467	0.1488	0.0447	0.0043	-0.9990	0.1382	0.9904	0.0105	0.9894	-0.1385	0.0437
124113125	0.7791	0.3470	0.1479	0.0452	0.0040	-0.9990	0.1384	0.9903	0.0102	0.9893	-0.1387	0.0442
124113250	0.7790	0.3461	0.1491	0.0447	0.0053	-0.9990	0.1366	0.9906	0.0114	0.9896	-0.1370	0.0436
124113375	0.7790	0.3475	0.1485	0.0454	0.0052	-0.9990	0.1384	0.9903	0.0115	0.9893	-0.1388	0.0442
124113500	0.7790	0.3480	0.1497	0.0457	0.0078	-0.9989	0.1384	0.9903	0.0141	0.9893	-0.1389	0.0442
124113625	0.7802	0.3524	0.1489	0.0452	0.0078	-0.9989	0.1411	0.9899	0.0141	0.9890	-0.1416	0.0437
124113750	0.7789	0.3513	0.1493	0.0457	0.0070	-0.9989	0.1387	0.9903	0.0133	0.9893	-0.1391	0.0443
124113875	0.7798	0.3529	0.1502	0.0450	0.0069	-0.9990	0.1399	0.9901	0.0132	0.9891	-0.1403	0.0436
124114000	0.7802	0.3486	0.1507	0.0443	0.0068	-0.9990	0.1383	0.9903	0.0129	0.9894	-0.1387	0.0429
124114125	0.7801	0.3472	0.1497	0.0448	0.0065	-0.9990	0.1374	0.9904	0.0126	0.9895	-0.1378	0.0435
124114250	0.7802	0.3480	0.1510	0.0449	0.0061	-0.9990	0.1387	0.9903	0.0123	0.9893	-0.1391	0.0436
124114375	0.7797	0.3470	0.1517	0.0440	0.0058	-0.9990	0.1376	0.9904	0.0118	0.9895	-0.1380	0.0427
124114500	0.7798	0.3467	0.1516	0.0440	0.0058	-0.9990	0.1373	0.9905	0.0118	0.9896	-0.1377	0.0428
124114625	0.7797	0.3450	0.1496	0.0452	0.0052	-0.9990	0.1365	0.9906	0.0113	0.9896	-0.1369	0.0441
124114750	0.7808	0.3447	0.1482	0.0445	0.0059	-0.9990	0.1367	0.9905	0.0119	0.9896	-0.1371	0.0433
124114875	0.7803	0.3461	0.1478	0.0446	0.0043	-0.9990	0.1370	0.9905	0.0104	0.9896	-0.1374	0.0436
124115000	0.7802	0.3459	0.1503	0.0442	0.0069	-0.9990	0.1380	0.9903	0.0130	0.9894	-0.1384	0.0428
124115125	0.7801	0.3481	0.1492	0.0441	0.0075	-0.9990	0.1383	0.9903	0.0135	0.9894	-0.1387	0.0427
124115250	0.7804	0.3467	0.1492	0.0448	0.0063	-0.9990	0.1375	0.9904	0.0124	0.9895	-0.1379	0.0435
124115375	0.7804	0.3463	0.1502	0.0438	0.0077	-0.9990	0.1376	0.9904	0.0137	0.9895	-0.1380	0.0423
124115500	0.7805	0.3480	0.1490	0.0444	0.0074	-0.9990	0.1382	0.9903	0.0135	0.9894	-0.1387	0.0429
124115625	0.7794	0.3450	0.1493	0.0440	0.0076	-0.9990	0.1374	0.9904	0.0136	0.9895	-0.1379	0.0425
124115750	0.7802	0.3460	0.1487	0.0438	0.0059	-0.9990	0.1365	0.9906	0.0118	0.9897	-0.1369	0.0425
124115875	0.7800	0.3453	0.1498	0.0435	0.0069	-0.9990	0.1376	0.9904	0.0128	0.9895	-0.1381	0.0421
124116000	0.7796	0.3456	0.1482	0.0433	0.0080	-0.9990	0.1367	0.9905	0.0139	0.9897	-0.1372	0.0418
124116125	0.7801	0.3466	0.1469	0.0434	0.0069	-0.9990	0.1365	0.9906	0.0127	0.9897	-0.1369	0.0421
124116250	0.7797	0.3463	0.1469	0.0436	0.0067	-0.9990	0.1377	0.9904	0.0127	0.9895	-0.1381	0.0423
124116375	0.7795	0.3464	0.1464	0.0439	0.0064	-0.9990	0.1373	0.9904	0.0123	0.9896	-0.1378	0.0426
124116500	0.7793	0.3458	0.1464	0.0439	0.0067	-0.9990	0.1362	0.9906	0.0127	0.9897	-0.1366	0.0425
124116625	0.7802	0.3459	0.1444	0.0441	0.0061	-0.9990	0.1364	0.9906	0.0121	0.9897	-0.1368	0.0428
124116750	0.7790	0.3455	0.1463	0.0437	0.0078	-0.9990	0.1373	0.9904	0.0137	0.9896	-0.1378	0.0422
124116875	0.7794	0.3449	0.1455	0.0441	0.0086	-0.9990	0.1370	0.9905	0.0146	0.9896	-0.1376	0.0425
124117000	0.7801	0.3459	0.1448	0.0441	0.0061	-0.9990	0.1374	0.9904	0.0121	0.9895	-0.1378	0.0428
124117125	0.7798	0.3458	0.1447	0.0436	0.0051	-0.9990	0.1369	0.9905	0.0111	0.9896	-0.1373	0.0425
124117250	0.7803	0.3458	0.1445	0.0434	0.0053	-0.9990	0.1372	0.9905	0.0112	0.9896	-0.1375	0.0423
124117375	0.7801	0.3462	0.1449	0.0430	0.0049	-0.9991	0.1366	0.9906	0.0108	0.9897	-0.1369	0.0420
124117500	0.7804	0.3471	0.1443	0.0434	0.0039	-0.9990	0.1381	0.9904	0.0099	0.9895	-0.1384	0.0425
124117625	0.7799	0.3461	0.1447	0.0433	0.0043	-0.9991	0.1368	0.9905	0.0102	0.9896	-0.1371	0.0423
124117750	0.7806	0.3472	0.1447	0.0431	0.0046	-0.9991	0.1373	0.9905	0.0104	0.9896	-0.1376	0.0420
124117875	0.7797	0.3444	0.1450	0.0433	0.0068	-0.9990	0.1361	0.9906	0.0127	0.9897	-0.1365	0.0419
124118000	0.7801	0.3448	0.1445	0.0434	0.0064	-0.9990	0.1370	0.9905	0.0123	0.9896	-0.1374	0.0421
124118125	0.7804	0.3458	0.1450	0.0442	0.0055	-0.9990	0.1383	0.9903	0.0116	0.9894	-0.1386	0.0430
124118250	0.7804	0.3447	0.1456	0.0442	0.0072	-0.9990	0.1370	0.9905	0.0132	0.9896	-0.1374	0.0428
124118375	0.7800	0.3445	0.1456	0.0440	0.0052	-0.9990	0.1368	0.9905	0.0112	0.9896	-0.1372	0.0428
124118500	0.7807	0.3454	0.1459	0.0435	0.0060	-0.9990	0.1367	0.9905	0.0119	0.9896	-0.1371	0.0423
124118625	0.7808	0.3442	0.1440	0.0442	0.0049	-0.9990	0.1373	0.9905	0.0109	0.9895	-0.1376	0.0431
124118750	0.7802	0.3441	0.1446	0.0447	0.0056	-0.9990	0.1362	0.9906	0.0116	0.9897	-0.1366	0.0435
124118875	0.7816	0.3455	0.1462	0.0430	0.0058	-0.9991	0.1380	0.9904	0.0117	0.9895	-0.1384	0.0418
124119000	0.7809	0.3442	0.1441	0.0442	0.0055	-0.9990	0.1371	0.9905	0.0115	0.9896	-0.1374	0.0430
124119125	0.7809	0.3438	0.1442	0.0436	0.0058	-0.9990	0.1356	0.9907	0.0117	0.9898	-0.1360	0.0424
124119250	0.7818	0.3472	0.1437	0.0441	0.0050	-0.9990	0.1380	0.9904	0.0111	0.9895	-0.1384	0.0429
124119375	0.7814	0.3456	0.1445	0.0435	0.0050	-0.9990	0.1376	0.9904	0.0110	0.9895	-0.1379	0.0424
124119500	0.7819	0.3461	0.1444	0.0440	0.0041	-0.9990	0.1362	0.9906	0.0101	0.9897	-0.1365	0.0431
124119625	0.7814	0.3474	0.1451	0.0436	0.0050	-0.9990	0.1368	0.9905	0.0109	0.9896	-0.1371	0.0425
124119750	0.7818	0.3498	0.1445	0.0442	0.0058	-0.9990	0.1376	0.9904	0.0118	0.9895	-0.1380	0.0429
124119875	0.7816	0.3486	0.1455	0.0436	0.0059	-0.9990	0.1356	0.9907	0.0118	0.9898	-0.1360	0.0424
124120000	0.7817	0.3511	0.1443	0.0436	0.0055	-0.9990	0.1384	0.9903	0.0115	0.9894	-0.1387	0.0424
124120125	0.7814	0.3501	0.1457	0.0433	0.0064	-0.9990	0.1374	0.9904	0.0123	0.9896	-0.1378	0.0420
124120250	0.7816	0.3499	0.1437	0.0439	0.0053	-0.9990	0.1380	0.9904	0.0114	0.9895	-0.1383	0.0427
124120375	0.7815	0.3499	0.1454	0.0434	0.0051	-0.9990	0.1365	0.9906	0.0110	0.9897	-0.1368	0.0423
124120500	0.7817	0.3513	0.1446	0.0431	0.0055	-0.9991	0.1378	0.9904	0.0114	0.9895	-0.1381	0.0420
124120625	0.7816	0.3513	0.1434	0.0435	0.0056	-0.9990	0.1372	0.9905	0.0115	0.9896	-0.1376	0.0423
124120750	0.7808	0.3523	0.1438	0.0434	0.0061	-0.9990	0.1371	0.9905	0.0120	0.9896	-0.1375	0.0422
124120875	0.7811	0.3540	0.1436	0.0433	0.0052	-0.9990	0.1387	0.9903	0.0112	0.9894	-0.1391	0.0422
124121000	0.7804	0.3533	0.1438	0.0436	0.0043	-0.9990	0.1379	0.9904	0.0103	0.9895	-0.1382	0.0425
124121125	0.7809	0.3551	0.1427	0.0438	0.0062	-0.9990	0.1391	0.9902	0.0123	0.9893	-0.1395	0.0425
124121250	0.7808	0.3546	0.1431	0.0432	0.0047	-0.9991	0.1386	0.9903	0.0107	0.9894	-0.1389	0.0422
124121375	0.7810	0.3546	0.1432	0.0435	0.0050	-0.9990	0.1388	0.9903	0.0110	0.9894	-0.1392	0.0424
124121500	0.7808	0.3543	0.1445	0.0430	0.0057	-0.9991	0.1380	0.9904	0.0116	0.9895	-0.1384	0.0418
124121625	0.7805	0.3502	0.1453	0.0432	0.0060	-0.9990	0.1381	0.9903	0.0119	0.9895	-0.1385	0.0419
124121750	0.7805	0.3505	0.1458	0.0433	0.0058	-0.9990	0.1375	0.9904	0.0117	0.9895	-0.1379	0.0421
124121875	0.7801	0.3503	0.1449	0.0435	0.0069	-0.9990	0.1372	0.9905	0.0128	0.9896	-0.1376	0.0422
124122000	0.7805	0.3509	0.1456	0.0433	0.0053	-0.9990	0.1373	0.9905	0.0112	0.9896	-0.1376	0.0422
124122125	0.7797	0.3497	0.1478	0.0437	0.0074	-0.9990	0.1370	0.9905	0.0133	0.9896	-0.1374	0.0422
124122250	0.7802	0.3483	0.1474	0.0441	0.0059	-0.9990	0.1357	0.9907	0.0119	0.9898	-0.1361	0.0428
124122375	0.7800	0.3482	0.1495	0.0430	0.0070	-0.9990	0.1368	0.9905	0.0128	0.9897	-0.1372	0.0417
124122500	0.7802	0.3489	0.1507	0.0432	0.0076	-0.9990	0.1371	0.9905	0.0135	0.9896	-0.1376	0.0418
124122625	0.7806	0.3510	0.1496	0.0437	0.0071	-0.9990	0.1378	0.9904	0.0131	0.9895	-0.1382	0.0424
124122750	0.7805	0.3476	0.1494	0.0442	0.0074	-0.9990	0.1359	0.9906	0.0134	0.9897	-0.1363	0.0428
124122875	0.7805	0.3484	0.1498	0.0446	0.0076	-0.9990	0.1377	0.9904	0.0137	0.9895	-0.1382	0.0431
124123000	0.7806	0.3475	0.1493	0.0442	0.0056	-0.9990	0.1362	0.9906	0.0116	0.9897	-0.1366	0.0430
124123125	0.7805	0.3480	0.1501	0.0447	0.0059	-0.9990	0.1378	0.9904	0.0120	0.9895	-0.1382	0.0435
124123250	0.7807	0.3473	0.1506	0.0437	0.0071	-0.9990	0.1367	0.9905	0.0130	0.9897	-0.1371	0.0424
124123375	0.7805	0.3469	0.1503	0.0448	0.0076	-0.9990	0.1367	0.9905	0.0137	0.9896	-0.1372	0.0433
124123500	0.7805	0.3477	0.1501	0.0445	0.0076	-0.9990	0.1370	0.9905	0.0136	0.9896	-0.1374	0.0430
124123625	0.7800	0.3463	0.1507	0.0440	0.0069	-0.9990	0.1375	0.9904	0.0129	0.9895	-0.1379	0.0426
124123750	0.7801	0.3469	0.1517	0.0436	0.0059	-0.9990	0.1377	0.9904	0.0119	0.9895	-0.1381	0.0423
124123875	0.7796	0.3456	0.1515	0.0439	0.0070	-0.9990	0.1375	0.9904	0.0130	0.9895	-0.1380	0.0425
124124000	0.7791	0.3442	0.1509	0.0440	0.0075	-0.9990	0.1365	0.9905	0.0135	0.9897	-0.1370	0.0425
124124125	0.7786	0.3445	0.1510	0.0439	0.0067	-0.9990	0.1359	0.9906	0.0126	0.9897	-0.1363	0.0426
124124250	0.7780	0.3418	0.1480	0.0438	0.0071	-0.9990	0.1363	0.9906	0.0130	0.9897	-0.1367	0.0425
124124375	0.7779	0.3400	0.1484	0.0435	0.0053	-0.9990	0.1350	0.9908	0.0111	0.9899	-0.1353	0.0424
124124500	0.7775	0.3408	0.1501	0.0432	0.0078	-0.9990	0.1367	0.9905	0.0136	0.9897	-0.1372	0.0417
124124625	0.7775	0.3398	0.1475	0.0440	0.0058	-0.9990	0.1358	0.9907	0.0117	0.9898	-0.1362	0.0428
124124750	0.7776	0.3399	0.1502	0.0438	0.0026	-0.9990	0.1363	0.9906	0.0085	0.9897	-0.1365	0.0430
124124875	0.7776	0.3404	0.1485	0.0447	0.0032	-0.9990	0.1361	0.9907	0.0093	0.9897	-0.1363	0.0438
124125000	0.7770	0.3386	0.1492	0.0444	0.0022	-0.9990	0.1354	0.9908	0.0082	0.9898	-0.1356	0.0437
124125125	0.7768	0.3393	0.1485	0.0443	0.0033	-0.9990	0.1356	0.9907	0.0093	0.9898	-0.1359	0.0435
124125250	0.7768	0.3382	0.1488	0.0444	0.0040	-0.9990	0.1359	0.9907	0.0100	0.9897	-0.1362	0.0434
124125375	0.7766	0.3370	0.1485	0.0441	0.0031	-0.9990	0.1358	0.9907	0.0091	0.9898	-0.1361	0.0433
124125500	0.7762	0.3382	0.1478	0.0442	0.0023	-0.9990	0.1365	0.9906	0.0084	0.9897	-0.1368	0.0435
124125625	0.7764	0.3378	0.1481	0.0439	0.0042	-0.9990	0.1358	0.9907	0.0101	0.9898	-0.1362	0.0429
124125750	0.7789	0.3442	0.1471	0.0441	0.0051	-0.9990	0.1365	0.9906	0.0111	0.9897	-0.1368	0.0430
124125875	0.7788	0.3451	0.1457	0.0440	0.0042	-0.9990	0.1368	0.9905	0.0102	0.9896	-0.1371	0.0430
124126000	0.7790	0.3441	0.1473	0.0432	0.0036	-0.9991	0.1354	0.9908	0.0094	0.9899	-0.1356	0.0423
124126125	0.7788	0.3447	0.1470	0.0440	0.0047	-0.9990	0.1365	0.9906	0.0107	0.9897	-0.1369	0.0429
124126250	0.7788	0.3423	0.1471	0.0436	0.0052	-0.9990	0.1351	0.9908	0.0110	0.9899	-0.1354	0.0425
124126375	0.7789	0.3437	0.1444	0.0442	0.0025	-0.9990	0.1361	0.9907	0.0085	0.9897	-0.1364	0.0435
124126500	0.7787	0.3421	0.1463	0.0441	0.0047	-0.9990	0.1352	0.9908	0.0107	0.9898	-0.1355	0.0431
124126625	0.7785	0.3420	0.1456	0.0446	0.0045	-0.9990	0.1356	0.9907	0.0106	0.9898	-0.1359	0.0435
124126750	0.7787	0.3408	0.1470	0.0444	0.0038	-0.9990	0.1362	0.9906	0.0098	0.9897	-0.1365	0.0435
124126875	0.7791	0.3410	0.1468	0.0442	0.0039	-0.9990	0.1358	0.9907	0.0099	0.9898	-0.1361	0.0432
124127000	0.7792	0.3409	0.1476	0.0435	0.0043	-0.9990	0.1357	0.9907	0.0102	0.9898	-0.1361	0.0425
124127125	0.7791	0.3419	0.1463	0.0438	0.0046	-0.9990	0.1354	0.9907	0.0104	0.9898	-0.1357	0.0428
124127250	0.7791	0.3420	0.1471	0.0438	0.0052	-0.9990	0.1370	0.9905	0.0111	0.9896	-0.1373	0.0427
124127375	0.7791	0.3425	0.1457	0.0440	0.0046	-0.9990	0.1366	0.9906	0.0106	0.9897	-0.1369	0.0430
124127500	0.7792	0.3417	0.1467	0.0441	0.0054	-0.9990	0.1360	0.9906	0.0114	0.9897	-0.1364	0.0430
124127625	0.7787	0.3410	0.1460	0.0438	0.0046	-0.9990	0.1356	0.9907	0.0105	0.9898	-0.1359	0.0428
124127750	0.7790	0.3432	0.1460	0.0442	0.0034	-0.9990	0.1358	0.9907	0.0094	0.9897	-0.1361	0.0434
124127875	0.7793	0.3446	0.1462	0.0443	0.0042	-0.9990	0.1364	0.9906	0.0102	0.9897	-0.1367	0.0433
124128000	0.7795	0.3448	0.1468	0.0432	0.0047	-0.9991	0.1366	0.9906	0.0105	0.9897	-0.1370	0.0421
124128125	0.7791	0.3447	0.1457	0.0435	0.0057	-0.9990	0.1363	0.9906	0.0116	0.9897	-0.1366	0.0423
124128250	0.7789	0.3436	0.1454	0.0441	0.0036	-0.9990	0.1352	0.9908	0.0096	0.9898	-0.1355	0.0432
124128375	0.7785	0.3436	0.1452	0.0434	0.0043	-0.9990	0.1353	0.9908	0.0101	0.9899	-0.1356	0.0425
124128500	0.7789	0.3465	0.1442	0.0441	0.0039	-0.9990	0.1377	0.9904	0.0100	0.9895	-0.1380	0.0431
124128625	0.7794	0.3457	0.1439	0.0433	0.0041	-0.9991	0.1355	0.9907	0.0100	0.9898	-0.1358	0.0423
124128750	0.7791	0.3465	0.1432	0.0439	0.0054	-0.9990	0.1365	0.9906	0.0114	0.9897	-0.1368	0.0428
124128875	0.7789	0.3454	0.1438	0.0445	0.0053	-0.9990	0.1357	0.9907	0.0113	0.9897	-0.1361	0.0434
124129000	0.7794	0.3453	0.1449	0.0441	0.0038	-0.9990	0.1366	0.9906	0.0098	0.9897	-0.1369	0.0431
124129125	0.7790	0.3461	0.1440	0.0447	0.0039	-0.9990	0.1359	0.9907	0.0100	0.9897	-0.1362	0.0437
124129250	0.7791	0.3439	0.1479	0.0441	0.0037	-0.9990	0.1348	0.9908	0.0097	0.9899	-0.1351	0.0432
124129375	0.7789	0.3450	0.1472	0.0440	0.0038	-0.9990	0.1360	0.9907	0.0097	0.9897	-0.1363	0.0431
124129500	0.7785	0.3431	0.1474	0.0440	0.0032	-0.9990	0.1347	0.9908	0.0091	0.9899	-0.1350	0.0432
124129625	0.7790	0.3466	0.1452	0.0446	0.0043	-0.9990	0.1367	0.9906	0.0104	0.9896	-0.1371	0.0436
124129750	0.7787	0.3453	0.1455	0.0451	0.0064	-0.9990	0.1366	0.9906	0.0125	0.9896	-0.1370	0.0438
124129875	0.7787	0.3468	0.1444	0.0447	0.0037	-0.9990	0.1360	0.9907	0.0097	0.9897	-0.1363	0.0438
124130000	0.7791	0.3465	0.1453	0.0447	0.0045	-0.9990	0.1362	0.9906	0.0105	0.9897	-0.1365	0.0436
124130125	0.7790	0.3473	0.1452	0.0443	0.0037	-0.9990	0.1357	0.9907	0.0096	0.9898	-0.1360	0.0434
124130250	0.7793	0.3446	0.1467	0.0449	0.0042	-0.9990	0.1368	0.9905	0.0103	0.9896	-0.1371	0.0439
124130375	0.7797	0.3439	0.1475	0.0439	0.0056	-0.9990	0.1363	0.9906	0.0115	0.9897	-0.1366	0.0428
124130500	0.7798	0.3437	0.1478	0.0438	0.0047	-0.9990	0.1367	0.9906	0.0107	0.9896	-0.1370	0.0428
124130625	0.7796	0.3446	0.1484	0.0439	0.0058	-0.9990	0.1380	0.9904	0.0118	0.9895	-0.1384	0.0427
124130750	0.7800	0.3452	0.1484	0.0439	0.0043	-0.9990	0.1383	0.9903	0.0103	0.9894	-0.1386	0.0429
124130875	0.7797	0.3446	0.1485	0.0443	0.0045	-0.9990	0.1375	0.9904	0.0106	0.9895	-0.1378	0.0433
124131000	0.7797	0.3442	0.1452	0.0444	0.0043	-0.9990	0.1364	0.9906	0.0103	0.9897	-0.1367	0.0434
124131125	0.7793	0.3431	0.1470	0.0441	0.0053	-0.9990	0.1368	0.9905	0.0113	0.9896	-0.1372	0.0429
124131250	0.7812	0.3465	0.1484	0.0443	0.0040	-0.9990	0.1361	0.9906	0.0100	0.9897	-0.1364	0.0433
124131375	0.7815	0.3471	0.1476	0.0441	0.0039	-0.9990	0.1358	0.9907	0.0099	0.9898	-0.1361	0.0432
124131500	0.7816	0.3485	0.1474	0.0442	0.0022	-0.9990	0.1374	0.9905	0.0082	0.9895	-0.1376	0.0435
124131625	0.7816	0.3470	0.1486	0.0445	0.0046	-0.9990	0.1368	0.9905	0.0106	0.9896	-0.1371	0.0434
124131750	0.7817	0.3458	0.1481	0.0448	0.0029	-0.9990	0.1368	0.9906	0.0090	0.9896	-0.1371	0.0440
124131875	0.7814	0.3443	0.1504	0.0433	0.0028	-0.9991	0.1353	0.9908	0.0086	0.9899	-0.1355	0.0425
124132000	0.7819	0.3463	0.1500	0.0440	0.0033	-0.9990	0.1371	0.9905	0.0093	0.9896	-0.1374	0.0431
124132125	0.7819	0.3457	0.1501	0.0440	0.0046	-0.9990	0.1378	0.9904	0.0106	0.9895	-0.1381	0.0430
124132250	0.7796	0.3444	0.1476	0.0449	0.0033	-0.9990	0.1379	0.9904	0.0094	0.9894	-0.1382	0.0441
124132375	0.7788	0.3404	0.1489	0.0442	0.0048	-0.9990	0.1371	0.9905	0.0108	0.9896	-0.1375	0.0431
124132500	0.7794	0.3422	0.1497	0.0443	0.0039	-0.9990	0.1375	0.9904	0.0099	0.9895	-0.1378	0.0433
124132625	0.7795	0.3410	0.1500	0.0437	0.0037	-0.9990	0.1368	0.9906	0.0097	0.9896	-0.1371	0.0427
124132750	0.7798	0.3400	0.1500	0.0437	0.0040	-0.9990	0.1369	0.9905	0.0099	0.9896	-0.1372	0.0427
124132875	0.7790	0.3386	0.1523	0.0438	0.0051	-0.9990	0.1373	0.9905	0.0111	0.9896	-0.1377	0.0427
124133000	0.7792	0.3406	0.1509	0.0438	0.0046	-0.9990	0.1383	0.9903	0.0106	0.9894	-0.1386	0.0428
124133125	0.7791	0.3392	0.1512	0.0450	0.0038	-0.9990	0.1382	0.9904	0.0100	0.9894	-0.1385	0.0440
124133250	0.7793	0.3391	0.1520	0.0433	0.0046	-0.9991	0.1380	0.9904	0.0105	0.9895	-0.1383	0.0423
124133375	0.7804	0.3441	0.1487	0.0442	0.0042	-0.9990	0.1374	0.9905	0.0102	0.9895	-0.1377	0.0432
124133500	0.7802	0.3446	0.1486	0.0443	0.0030	-0.9990	0.1370	0.9905	0.0090	0.9896	-0.1372	0.0435
124133625	0.7807	0.3446	0.1487	0.0437	0.0049	-0.9990	0.1378	0.9904	0.0109	0.9895	-0.1381	0.0426
124133750	0.7809	0.3431	0.1481	0.0433	0.0033	-0.9991	0.1373	0.9905	0.0093	0.9896	-0.1376	0.0424
124133875	0.7806	0.3429	0.1492	0.0441	0.0044	-0.9990	0.1378	0.9904	0.0104	0.9895	-0.1381	0.0431
124134000	0.7804	0.3418	0.1492	0.0441	0.0047	-0.9990	0.1384	0.9903	0.0108	0.9894	-0.1388	0.0430
124134125	0.7806	0.3419	0.1501	0.0432	0.0049	-0.9991	0.1377	0.9904	0.0108	0.9895	-0.1381	0.0421
124134250	0.7805	0.3411	0.1488	0.0449	0.0039	-0.9990	0.1377	0.9904	0.0101	0.9895	-0.1380	0.0440
124134375	0.7802	0.3401	0.1517	0.0427	0.0056	-0.9991	0.1372	0.9905	0.0114	0.9896	-0.1375	0.0415
124134500	0.7799	0.3441	0.1491	0.0437	0.0043	-0.9990	0.1373	0.9905	0.0103	0.9896	-0.1377	0.0427
124134625	0.7805	0.3452	0.1480	0.0445	0.0034	-0.9990	0.1370	0.9905	0.0094	0.9896	-0.1373	0.0436
124134750	0.7801	0.3450	0.1495	0.0432	0.0040	-0.9991	0.1378	0.9904	0.0099	0.9895	-0.1381	0.0422
124134875	0.7804	0.3448	0.1489	0.0441	0.0037	-0.9990	0.1381	0.9904	0.0097	0.9894	-0.1384	0.0432
124135000	0.7800	0.3451	0.1498	0.0436	0.0056	-0.9990	0.1378	0.9904	0.0116	0.9895	-0.1381	0.0424
124135125	0.7810	0.3460	0.1482	0.0443	0.0023	-0.9990	0.1380	0.9904	0.0084	0.9894	-0.1383	0.0435
124135250	0.7805	0.3444	0.1508	0.0431	0.0052	-0.9991	0.1367	0.9906	0.0110	0.9897	-0.1370	0.0419
124135375	0.7802	0.3440	0.1485	0.0442	0.0034	-0.9990	0.1361	0.9907	0.0094	0.9897	-0.1363	0.0433
124135500	0.7802	0.3449	0.1495	0.0438	0.0029	-0.9990	0.1371	0.9905	0.0089	0.9896	-0.1373	0.0429
124135625	0.7803	0.3463	0.1485	0.0432	0.0030	-0.9991	0.1369	0.9905	0.0089	0.9896	-0.1372	0.0424
124135750	0.7805	0.3466	0.1481	0.0434	0.0016	-0.9991	0.1359	0.9907	0.0075	0.9898	-0.1361	0.0427
124135875	0.7803	0.3465	0.1495	0.0434	0.0047	-0.9990	0.1375	0.9904	0.0106	0.9896	-0.1378	0.0423
124136000	0.7801	0.3438	0.1486	0.0434	0.0034	-0.9991	0.1354	0.9907	0.0092	0.9898	-0.1357	0.0425
124136125	0.7803	0.3463	0.1476	0.0432	0.0041	-0.9991	0.1380	0.9904	0.0100	0.9895	-0.1383	0.0423
124136250	0.7795	0.3449	0.1473	0.0435	0.0019	-0.9991	0.1361	0.9907	0.0078	0.9897	-0.1363	0.0428
124136375	0.7797	0.3459	0.1479	0.0432	0.0018	-0.9991	0.1372	0.9905	0.0077	0.9896	-0.1374	0.0426
124136500	0.7791	0.3477	0.1460	0.0447	0.0037	-0.9990	0.1358	0.9907	0.0098	0.9897	-0.1361	0.0437
124136625	0.7797	0.3491	0.1457	0.0435	0.0020	-0.9991	0.1366	0.9906	0.0080	0.9897	-0.1368	0.0428
124136750	0.7792	0.3471	0.1457	0.0440	0.0036	-0.9990	0.1358	0.9907	0.0096	0.9898	-0.1361	0.0431
124136875	0.7785	0.3492	0.1423	0.0456	0.0014	-0.9990	0.1362	0.9907	0.0076	0.9896	-0.1364	0.0450
124137000	0.7788	0.3480	0.1433	0.0446	0.0022	-0.9990	0.1359	0.9907	0.0082	0.9897	-0.1361	0.0439
124137125	0.7784	0.3476	0.1420	0.0459	0.0001	-0.9989	0.1365	0.9906	0.0064	0.9896	-0.1366	0.0454
124137250	0.7787	0.3469	0.1425	0.0455	0.0033	-0.9990	0.1357	0.9907	0.0094	0.9897	-0.1360	0.0446
124137375	0.7784	0.3474	0.1427	0.0452	0.0032	-0.9990	0.1363	0.9906	0.0094	0.9896	-0.1366	0.0443
124137500	0.7789	0.3491	0.1413	0.0454	0.0023	-0.9990	0.1361	0.9907	0.0084	0.9897	-0.1364	0.0447
124137625	0.7797	0.3466	0.1479	0.0420	0.0044	-0.9991	0.1370	0.9905	0.0101	0.9897	-0.1373	0.0410
124137750	0.7801	0.3458	0.1473	0.0435	0.0035	-0.9990	0.1376	0.9904	0.0094	0.9895	-0.1379	0.0426
124137875	0.7802	0.3446	0.1472	0.0444	0.0039	-0.9990	0.1370	0.9905	0.0099	0.9896	-0.1373	0.0434
124138000	0.7796	0.3437	0.1467	0.0447	0.0043	-0.9990	0.1373	0.9905	0.0104	0.9895	-0.1376	0.0436
124138125	0.7803	0.3442	0.1472	0.0431	0.0031	-0.9991	0.1365	0.9906	0.0090	0.9897	-0.1368	0.0422
124138250	0.7806	0.3446	0.1447	0.0441	0.0038	-0.9990	0.1372	0.9905	0.0098	0.9896	-0.1375	0.0432
124138375	0.7799	0.3433	0.1465	0.0429	0.0023	-0.9991	0.1360	0.9907	0.0082	0.9898	-0.1362	0.0422
124138500	0.7805	0.3438	0.1461	0.0445	0.0031	-0.9990	0.1360	0.9907	0.0091	0.9897	-0.1363	0.0437
124138625	0.7803	0.3438	0.1465	0.0439	0.0039	-0.9990	0.1359	0.9907	0.0099	0.9897	-0.1362	0.0429
124138750	0.7805	0.3444	0.1473	0.0445	0.0056	-0.9990	0.1370	0.9905	0.0117	0.9896	-0.1374	0.0433
124138875	0.7813	0.3444	0.1460	0.0450	0.0057	-0.9990	0.1354	0.9907	0.0117	0.9898	-0.1358	0.0439
124139000	0.7806	0.3444	0.1464	0.0451	0.0072	-0.9990	0.1361	0.9906	0.0133	0.9897	-0.1365	0.0437
124139125	0.7808	0.3434	0.1462	0.0449	0.0060	-0.9990	0.1354	0.9907	0.0120	0.9898	-0.1358	0.0437
124139250	0.7805	0.3424	0.1471	0.0446	0.0078	-0.9990	0.1370	0.9905	0.0139	0.9896	-0.1375	0.0432
124139375	0.7809	0.3430	0.1468	0.0443	0.0056	-0.9990	0.1369	0.9905	0.0117	0.9896	-0.1373	0.0431
