META	HEADER	GNSS location/orientation script
META	VERSION	1.0.0
META	FORMAT	ASCII
META	CONTENT	DEFAULT
META	END
iTOW	Origin_X	Origin_Y	Origin_Z	Basis_XX	Basis_XY	Basis_XZ	Basis_YX	Basis_YY	Basis_YZ	Basis_ZX	Basis_ZY	Basis_ZZ
114761500	1.0248	0.3525	0.2399	0.0626	0.0017	-0.9980	0.1359	0.9907	0.0102	0.9887	-0.1362	0.0618
114761625	1.0253	0.3536	0.2404	0.0622	0.0004	-0.9981	0.1374	0.9905	0.0090	0.9886	-0.1377	0.0615
114761750	1.0252	0.3509	0.2400	0.0621	0.0030	-0.9981	0.1351	0.9908	0.0113	0.9889	-0.1355	0.0611
114761875	1.0253	0.3503	0.2414	0.0625	0.0023	-0.9980	0.1359	0.9907	0.0108	0.9888	-0.1363	0.0616
114762000	1.0252	0.3502	0.2414	0.0619	0.0014	-0.9981	0.1353	0.9908	0.0098	0.9889	-0.1356	0.0611
114762125	1.0252	0.3503	0.2413	0.0627	0.0005	-0.9980	0.1345	0.9909	0.0090	0.9889	-0.1348	0.0621
114762250	1.0258	0.3496	0.2409	0.0635	0.0005	-0.9980	0.1343	0.9909	0.0090	0.9889	-0.1347	0.0629
114762375	1.0259	0.3511	0.2428	0.0625	0.0008	-0.9980	0.1344	0.9909	0.0092	0.9889	-0.1348	0.0618
114762500	1.0256	0.3490	0.2413	0.0629	-0.0001	-0.9980	0.1325	0.9911	0.0082	0.9892	-0.1327	0.0624
114762625	1.0252	0.3495	0.2413	0.0629	-0.0008	-0.9980	0.1338	0.9910	0.0076	0.9890	-0.1340	0.0624
114762750	1.0255	0.3479	0.2416	0.0618	-0.0021	-0.9981	0.1326	0.9911	0.0062	0.9892	-0.1327	0.0616
114762875	1.0260	0.3463	0.2420	0.0615	-0.0029	-0.9981	0.1335	0.9910	0.0054	0.9891	-0.1336	0.0613
114763000	1.0261	0.3471	0.2426	0.0623	-0.0004	-0.9981	0.1340	0.9909	0.0079	0.9890	-0.1342	0.0618
114763125	1.0258	0.3452	0.2417	0.0624	-0.0011	-0.9981	0.1326	0.9911	0.0072	0.9892	-0.1328	0.0620
114763250	1.0260	0.3457	0.2427	0.0616	-0.0002	-0.9981	0.1333	0.9910	0.0081	0.9892	-0.1335	0.0611
114763375	1.0259	0.3466	0.2433	0.0612	0.0007	-0.9981	0.1342	0.9909	0.0089	0.9891	-0.1345	0.0605
114763500	1.0263	0.3443	0.2431	0.0612	0.0003	-0.9981	0.1335	0.9910	0.0085	0.9892	-0.1338	0.0606
114763625	1.0259	0.3445	0.2430	0.0619	0.0008	-0.9981	0.1336	0.9910	0.0091	0.9891	-0.1339	0.0612
114763750	1.0259	0.3433	0.2417	0.0621	0.0025	-0.9981	0.1329	0.9911	0.0107	0.9892	-0.1333	0.0612
114763875	1.0259	0.3443	0.2430	0.0616	0.0022	-0.9981	0.1344	0.9909	0.0105	0.9890	-0.1348	0.0607
114764000	1.0255	0.3435	0.2430	0.0615	0.0019	-0.9981	0.1337	0.9910	0.0101	0.9891	-0.1340	0.0607
114764125	1.0258	0.3424	0.2414	0.0622	0.0037	-0.9981	0.1337	0.9910	0.0120	0.9891	-0.1341	0.0611
114764250	1.0260	0.3429	0.2419	0.0619	0.0020	-0.9981	0.1338	0.9910	0.0103	0.9891	-0.1341	0.0610
114764375	1.0258	0.3423	0.2422	0.0621	0.0028	-0.9981	0.1343	0.9909	0.0111	0.9890	-0.1347	0.0611
114764500	1.0257	0.3418	0.2408	0.0628	0.0024	-0.9980	0.1335	0.9910	0.0108	0.9891	-0.1339	0.0619
114764625	1.0260	0.3423	0.2420	0.0625	0.0023	-0.9980	0.1347	0.9908	0.0107	0.9889	-0.1352	0.0617
114764750	1.0259	0.3475	0.2453	0.0657	0.0090	-0.9978	0.1361	0.9905	0.0179	0.9885	-0.1370	0.0639
114764875	1.0257	0.3483	0.2448	0.0664	0.0102	-0.9977	0.1362	0.9905	0.0192	0.9885	-0.1372	0.0644
114765000	1.0259	0.3475	0.2460	0.0656	0.0102	-0.9978	0.1359	0.9905	0.0191	0.9885	-0.1369	0.0636
114765125	1.0254	0.3498	0.2452	0.0659	0.0099	-0.9978	0.1377	0.9903	0.0189	0.9883	-0.1386	0.0639
114765250	1.0255	0.3499	0.2437	0.0656	0.0084	-0.9978	0.1377	0.9903	0.0174	0.9883	-0.1386	0.0638
114765375	1.0255	0.3484	0.2446	0.0652	0.0082	-0.9978	0.1372	0.9904	0.0171	0.9884	-0.1380	0.0634
114765500	1.0254	0.3494	0.2430	0.0657	0.0072	-0.9978	0.1381	0.9903	0.0162	0.9882	-0.1388	0.0641
114765625	1.0254	0.3486	0.2423	0.0652	0.0073	-0.9978	0.1369	0.9905	0.0162	0.9884	-0.1376	0.0636
114765750	1.0252	0.3494	0.2419	0.0664	0.0044	-0.9978	0.1377	0.9904	0.0135	0.9882	-0.1383	0.0652
114765875	1.0254	0.3476	0.2424	0.0657	0.0073	-0.9978	0.1357	0.9906	0.0162	0.9886	-0.1365	0.0641
114766000	1.0252	0.3484	0.2407	0.0661	0.0067	-0.9978	0.1370	0.9904	0.0157	0.9884	-0.1377	0.0646
114766125	1.0251	0.3467	0.2417	0.0655	0.0071	-0.9978	0.1357	0.9906	0.0160	0.9886	-0.1364	0.0639
114766250	1.0252	0.3496	0.2402	0.0666	0.0068	-0.9978	0.1372	0.9904	0.0159	0.9883	-0.1380	0.0650
114766375	1.0246	0.3494	0.2416	0.0655	0.0081	-0.9978	0.1371	0.9904	0.0170	0.9884	-0.1380	0.0638
114766500	1.0241	0.3493	0.2391	0.0655	0.0070	-0.9978	0.1372	0.9904	0.0159	0.9884	-0.1380	0.0639
114766625	1.0246	0.3499	0.2400	0.0669	0.0091	-0.9977	0.1377	0.9903	0.0183	0.9882	-0.1386	0.0650
114766750	1.0254	0.3524	0.2406	0.0670	0.0088	-0.9977	0.1380	0.9903	0.0180	0.9882	-0.1389	0.0652
114766875	1.0248	0.3525	0.2389	0.0674	0.0090	-0.9977	0.1377	0.9903	0.0183	0.9882	-0.1386	0.0655
114767000	1.0255	0.3535	0.2392	0.0670	0.0084	-0.9977	0.1383	0.9902	0.0176	0.9881	-0.1391	0.0652
114767125	1.0252	0.3522	0.2402	0.0664	0.0079	-0.9978	0.1373	0.9904	0.0170	0.9883	-0.1381	0.0647
114767250	1.0252	0.3507	0.2396	0.0662	0.0081	-0.9978	0.1368	0.9905	0.0172	0.9884	-0.1376	0.0644
114767375	1.0256	0.3523	0.2393	0.0674	0.0070	-0.9977	0.1377	0.9903	0.0163	0.9882	-0.1384	0.0658
114767500	1.0254	0.3515	0.2414	0.0653	0.0082	-0.9978	0.1376	0.9903	0.0172	0.9883	-0.1384	0.0635
114767625	1.0260	0.3527	0.2394	0.0666	0.0080	-0.9977	0.1378	0.9903	0.0171	0.9882	-0.1386	0.0648
114767750	1.0266	0.3565	0.2428	0.0667	0.0079	-0.9977	0.1388	0.9902	0.0171	0.9881	-0.1397	0.0649
114767875	1.0263	0.3557	0.2418	0.0673	0.0075	-0.9977	0.1388	0.9902	0.0169	0.9880	-0.1396	0.0656
114768000	1.0269	0.3561	0.2423	0.0676	0.0074	-0.9977	0.1380	0.9903	0.0167	0.9881	-0.1388	0.0659
114768125	1.0266	0.3560	0.2426	0.0670	0.0073	-0.9977	0.1390	0.9901	0.0166	0.9880	-0.1398	0.0653
114768250	1.0265	0.3572	0.2434	0.0663	0.0085	-0.9978	0.1391	0.9901	0.0176	0.9880	-0.1400	0.0645
114768375	1.0270	0.3589	0.2446	0.0668	0.0090	-0.9977	0.1395	0.9901	0.0183	0.9880	-0.1404	0.0649
114768500	1.0270	0.3599	0.2442	0.0658	0.0075	-0.9978	0.1392	0.9901	0.0166	0.9881	-0.1400	0.0641
114768625	1.0270	0.3590	0.2439	0.0666	0.0083	-0.9977	0.1386	0.9902	0.0175	0.9881	-0.1395	0.0648
114768750	1.0272	0.3604	0.2452	0.0667	0.0090	-0.9977	0.1399	0.9900	0.0183	0.9879	-0.1408	0.0648
114768875	1.0269	0.3602	0.2454	0.0669	0.0097	-0.9977	0.1396	0.9900	0.0190	0.9880	-0.1405	0.0649
114769000	1.0273	0.3620	0.2460	0.0666	0.0090	-0.9977	0.1391	0.9901	0.0183	0.9880	-0.1400	0.0647
114769125	1.0276	0.3628	0.2455	0.0671	0.0085	-0.9977	0.1395	0.9901	0.0178	0.9879	-0.1404	0.0652
114769250	1.0276	0.3639	0.2463	0.0668	0.0086	-0.9977	0.1398	0.9900	0.0179	0.9879	-0.1407	0.0649
114769375	1.0276	0.3635	0.2464	0.0669	0.0091	-0.9977	0.1383	0.9902	0.0183	0.9881	-0.1392	0.0650
114769500	1.0278	0.3638	0.2472	0.0663	0.0089	-0.9978	0.1393	0.9901	0.0180	0.9880	-0.1402	0.0644
114769625	1.0281	0.3641	0.2478	0.0664	0.0093	-0.9977	0.1383	0.9902	0.0184	0.9882	-0.1392	0.0645
114769750	1.0278	0.3626	0.2466	0.0657	0.0083	-0.9978	0.1384	0.9902	0.0174	0.9882	-0.1393	0.0639
114769875	1.0277	0.3629	0.2467	0.0661	0.0087	-0.9978	0.1385	0.9902	0.0178	0.9882	-0.1394	0.0642
114770000	1.0284	0.3637	0.2480	0.0660	0.0088	-0.9978	0.1392	0.9901	0.0179	0.9881	-0.1400	0.0641
114770125	1.0283	0.3639	0.2471	0.0669	0.0090	-0.9977	0.1393	0.9901	0.0183	0.9880	-0.1402	0.0650
114770250	1.0273	0.3600	0.2458	0.0673	0.0089	-0.9977	0.1404	0.9899	0.0184	0.9878	-0.1413	0.0654
114770375	1.0275	0.3607	0.2462	0.0670	0.0090	-0.9977	0.1401	0.9900	0.0183	0.9879	-0.1411	0.0651
114770500	1.0276	0.3598	0.2465	0.0670	0.0074	-0.9977	0.1397	0.9901	0.0167	0.9879	-0.1405	0.0653
114770625	1.0272	0.3607	0.2461	0.0662	0.0079	-0.9978	0.1394	0.9901	0.0170	0.9880	-0.1402	0.0645
114770750	1.0269	0.3586	0.2462	0.0656	0.0083	-0.9978	0.1388	0.9902	0.0173	0.9882	-0.1396	0.0638
114770875	1.0268	0.3576	0.2468	0.0654	0.0078	-0.9978	0.1375	0.9904	0.0168	0.9883	-0.1383	0.0637
114771000	1.0268	0.3572	0.2463	0.0653	0.0075	-0.9978	0.1380	0.9903	0.0165	0.9883	-0.1388	0.0636
114771125	1.0269	0.3596	0.2463	0.0654	0.0084	-0.9978	0.1383	0.9902	0.0174	0.9882	-0.1392	0.0636
114771250	1.0268	0.3582	0.2447	0.0664	0.0068	-0.9978	0.1382	0.9903	0.0159	0.9882	-0.1389	0.0648
114771375	1.0264	0.3578	0.2456	0.0651	0.0075	-0.9978	0.1387	0.9902	0.0165	0.9882	-0.1395	0.0634
114771500	1.0265	0.3579	0.2431	0.0665	0.0088	-0.9977	0.1382	0.9902	0.0180	0.9882	-0.1391	0.0647
114771625	1.0260	0.3576	0.2436	0.0657	0.0080	-0.9978	0.1377	0.9903	0.0170	0.9883	-0.1385	0.0640
114771750	1.0262	0.3552	0.2436	0.0663	0.0075	-0.9978	0.1392	0.9901	0.0167	0.9880	-0.1400	0.0646
114771875	1.0259	0.3549	0.2415	0.0676	0.0059	-0.9977	0.1391	0.9902	0.0153	0.9880	-0.1398	0.0661
114772000	1.0257	0.3533	0.2429	0.0668	0.0072	-0.9977	0.1385	0.9902	0.0164	0.9881	-0.1392	0.0651
114772125	1.0260	0.3523	0.2423	0.0665	0.0075	-0.9978	0.1384	0.9902	0.0167	0.9881	-0.1392	0.0648
114772250	1.0255	0.3525	0.2413	0.0661	0.0076	-0.9978	0.1387	0.9902	0.0167	0.9881	-0.1395	0.0644
114772375	1.0257	0.3513	0.2421	0.0668	0.0069	-0.9977	0.1387	0.9902	0.0162	0.9881	-0.1395	0.0652
114772500	1.0257	0.3532	0.2433	0.0652	0.0039	-0.9979	0.1393	0.9902	0.0130	0.9881	-0.1398	0.0640
114772625	1.0256	0.3529	0.2435	0.0647	0.0063	-0.9979	0.1390	0.9902	0.0152	0.9882	-0.1397	0.0632
114772750	1.0263	0.3542	0.2419	0.0664	0.0058	-0.9978	0.1390	0.9902	0.0150	0.9881	-0.1397	0.0649
114772875	1.0261	0.3548	0.2448	0.0652	0.0066	-0.9979	0.1390	0.9902	0.0156	0.9881	-0.1397	0.0636
114773000	1.0259	0.3550	0.2434	0.0655	0.0074	-0.9978	0.1392	0.9901	0.0165	0.9881	-0.1400	0.0639
114773125	1.0266	0.3553	0.2445	0.0658	0.0069	-0.9978	0.1386	0.9902	0.0160	0.9882	-0.1394	0.0642
114773250	1.0256	0.3549	0.2453	0.0666	0.0077	-0.9978	0.1388	0.9902	0.0169	0.9881	-0.1396	0.0649
114773375	1.0256	0.3547	0.2459	0.0669	0.0079	-0.9977	0.1397	0.9900	0.0172	0.9879	-0.1406	0.0651
114773500	1.0259	0.3555	0.2461	0.0664	0.0071	-0.9978	0.1395	0.9901	0.0163	0.9880	-0.1403	0.0648
114773625	1.0258	0.3554	0.2446	0.0677	0.0069	-0.9977	0.1391	0.9901	0.0163	0.9880	-0.1399	0.0661
114773750	1.0261	0.3559	0.2470	0.0662	0.0050	-0.9978	0.1393	0.9902	0.0142	0.9880	-0.1399	0.0649
114773875	1.0258	0.3564	0.2450	0.0681	0.0076	-0.9976	0.1396	0.9901	0.0171	0.9879	-0.1404	0.0664
114774000	1.0262	0.3551	0.2465	0.0671	0.0070	-0.9977	0.1381	0.9903	0.0163	0.9881	-0.1389	0.0654
114774125	1.0254	0.3539	0.2460	0.0677	0.0072	-0.9977	0.1382	0.9903	0.0165	0.9881	-0.1390	0.0660
114774250	1.0261	0.3535	0.2457	0.0680	0.0074	-0.9977	0.1377	0.9903	0.0167	0.9881	-0.1385	0.0663
114774375	1.0257	0.3523	0.2460	0.0667	0.0089	-0.9977	0.1364	0.9905	0.0180	0.9884	-0.1373	0.0648
114774500	1.0259	0.3527	0.2454	0.0670	0.0086	-0.9977	0.1368	0.9904	0.0178	0.9883	-0.1377	0.0652
114774625	1.0260	0.3546	0.2451	0.0668	0.0068	-0.9977	0.1371	0.9904	0.0159	0.9883	-0.1378	0.0652
114774750	1.0261	0.3570	0.2479	0.0648	0.0044	-0.9979	0.1390	0.9902	0.0134	0.9882	-0.1396	0.0636
114774875	1.0263	0.3565	0.2484	0.0650	0.0030	-0.9979	0.1387	0.9903	0.0120	0.9882	-0.1392	0.0639
114775000	1.0264	0.3560	0.2491	0.0642	0.0032	-0.9979	0.1398	0.9901	0.0121	0.9881	-0.1403	0.0631
114775125	1.0262	0.3555	0.2497	0.0638	0.0034	-0.9980	0.1375	0.9904	0.0122	0.9885	-0.1380	0.0627
114775250	1.0262	0.3564	0.2478	0.0654	0.0036	-0.9979	0.1390	0.9902	0.0127	0.9881	-0.1395	0.0642
114775375	1.0258	0.3554	0.2458	0.0650	0.0029	-0.9979	0.1384	0.9903	0.0119	0.9883	-0.1388	0.0639
114775500	1.0256	0.3557	0.2452	0.0647	0.0026	-0.9979	0.1388	0.9903	0.0116	0.9882	-0.1392	0.0637
114775625	1.0256	0.3538	0.2456	0.0658	0.0027	-0.9978	0.1374	0.9904	0.0118	0.9883	-0.1378	0.0648
114775750	1.0256	0.3547	0.2459	0.0658	0.0033	-0.9978	0.1390	0.9902	0.0124	0.9881	-0.1395	0.0647
114775875	1.0254	0.3548	0.2463	0.0661	0.0042	-0.9978	0.1385	0.9903	0.0134	0.9882	-0.1391	0.0649
114776000	1.0259	0.3551	0.2452	0.0673	0.0051	-0.9977	0.1387	0.9902	0.0144	0.9880	-0.1394	0.0659
114776125	1.0251	0.3540	0.2453	0.0668	0.0046	-0.9978	0.1383	0.9903	0.0138	0.9881	-0.1389	0.0655
114776250	1.0251	0.3550	0.2477	0.0658	0.0037	-0.9978	0.1392	0.9902	0.0129	0.9881	-0.1397	0.0646
114776375	1.0261	0.3549	0.2455	0.0665	0.0040	-0.9978	0.1383	0.9903	0.0132	0.9882	-0.1389	0.0653
114776500	1.0264	0.3558	0.2470	0.0658	0.0038	-0.9978	0.1393	0.9902	0.0130	0.9881	-0.1398	0.0646
114776625	1.0260	0.3568	0.2451	0.0670	0.0043	-0.9977	0.1399	0.9901	0.0137	0.9879	-0.1405	0.0657
114776750	1.0261	0.3572	0.2452	0.0668	0.0038	-0.9978	0.1407	0.9900	0.0132	0.9878	-0.1413	0.0656
114776875	1.0262	0.3563	0.2459	0.0668	0.0049	-0.9978	0.1404	0.9900	0.0143	0.9878	-0.1411	0.0654
114777000	1.0262	0.3575	0.2464	0.0665	0.0042	-0.9978	0.1414	0.9899	0.0136	0.9877	-0.1420	0.0653
114777125	1.0265	0.3582	0.2459	0.0673	0.0038	-0.9977	0.1421	0.9898	0.0134	0.9876	-0.1427	0.0660
114777250	1.0257	0.3579	0.2450	0.0664	0.0053	-0.9978	0.1404	0.9900	0.0146	0.9879	-0.1410	0.0650
114777375	1.0254	0.3573	0.2456	0.0669	0.0052	-0.9977	0.1398	0.9901	0.0145	0.9879	-0.1404	0.0655
114777500	1.0265	0.3594	0.2470	0.0656	0.0050	-0.9978	0.1404	0.9900	0.0142	0.9879	-0.1410	0.0643
114777625	1.0265	0.3597	0.2458	0.0665	0.0043	-0.9978	0.1401	0.9900	0.0136	0.9879	-0.1407	0.0652
114777750	1.0268	0.3621	0.2466	0.0654	0.0045	-0.9978	0.1411	0.9899	0.0137	0.9878	-0.1417	0.0641
114777875	1.0274	0.3619	0.2474	0.0661	0.0043	-0.9978	0.1402	0.9900	0.0136	0.9879	-0.1408	0.0648
114778000	1.0270	0.3628	0.2457	0.0663	0.0054	-0.9978	0.1406	0.9900	0.0147	0.9879	-0.1412	0.0648
114778125	1.0272	0.3624	0.2469	0.0667	0.0052	-0.9978	0.1402	0.9900	0.0145	0.9879	-0.1408	0.0653
114778250	1.0273	0.3631	0.2469	0.0658	0.0055	-0.9978	0.1417	0.9898	0.0148	0.9877	-0.1424	0.0643
114778375	1.0272	0.3615	0.2470	0.0665	0.0052	-0.9978	0.1393	0.9901	0.0144	0.9880	-0.1399	0.0651
114778500	1.0273	0.3605	0.2467	0.0656	0.0031	-0.9978	0.1417	0.9898	0.0124	0.9877	-0.1422	0.0645
114778625	1.0272	0.3583	0.2479	0.0659	0.0034	-0.9978	0.1400	0.9901	0.0127	0.9880	-0.1405	0.0648
114778750	1.0278	0.3604	0.2464	0.0659	0.0028	-0.9978	0.1400	0.9901	0.0120	0.9880	-0.1405	0.0649
114778875	1.0278	0.3612	0.2469	0.0661	0.0039	-0.9978	0.1401	0.9900	0.0132	0.9879	-0.1407	0.0649
114779000	1.0283	0.3639	0.2474	0.0658	0.0031	-0.9978	0.1410	0.9899	0.0124	0.9878	-0.1415	0.0647
114779125	1.0283	0.3623	0.2470	0.0658	0.0032	-0.9978	0.1400	0.9901	0.0124	0.9880	-0.1405	0.0647
114779250	1.0285	0.3634	0.2475	0.0658	0.0031	-0.9978	0.1405	0.9900	0.0123	0.9879	-0.1410	0.0647
114779375	1.0291	0.3632	0.2477	0.0664	0.0041	-0.9978	0.1404	0.9900	0.0134	0.9879	-0.1410	0.0652
114779500	1.0275	0.3566	0.2470	0.0667	0.0037	-0.9978	0.1373	0.9904	0.0129	0.9883	-0.1379	0.0656
114779625	1.0276	0.3564	0.2477	0.0658	0.0019	-0.9978	0.1362	0.9906	0.0109	0.9885	-0.1366	0.0649
114779750	1.0277	0.3574	0.2484	0.0653	0.0030	-0.9979	0.1398	0.9901	0.0121	0.9880	-0.1403	0.0643
114779875	1.0276	0.3553	0.2467	0.0662	0.0019	-0.9978	0.1394	0.9902	0.0111	0.9880	-0.1399	0.0653
114780000	1.0280	0.3561	0.2477	0.0658	0.0025	-0.9978	0.1399	0.9901	0.0117	0.9880	-0.1403	0.0648
114780125	1.0280	0.3556	0.2479	0.0661	0.0039	-0.9978	0.1396	0.9901	0.0131	0.9880	-0.1402	0.0649
114780250	1.0280	0.3555	0.2477	0.0658	0.0046	-0.9978	0.1398	0.9901	0.0138	0.9880	-0.1404	0.0645
114780375	1.0282	0.3545	0.2487	0.0657	0.0048	-0.9978	0.1393	0.9901	0.0139	0.9881	-0.1400	0.0644
114780500	1.0283	0.3546	0.2486	0.0662	0.0051	-0.9978	0.1398	0.9901	0.0143	0.9880	-0.1404	0.0648
114780625	1.0283	0.3532	0.2485	0.0657	0.0052	-0.9978	0.1397	0.9901	0.0143	0.9880	-0.1403	0.0643
114780750	1.0270	0.3525	0.2456	0.0670	0.0048	-0.9977	0.1396	0.9901	0.0141	0.9879	-0.1402	0.0657
114780875	1.0267	0.3518	0.2475	0.0660	0.0027	-0.9978	0.1385	0.9903	0.0118	0.9882	-0.1390	0.0650
114781000	1.0264	0.3512	0.2466	0.0660	0.0034	-0.9978	0.1386	0.9903	0.0126	0.9881	-0.1391	0.0649
114781125	1.0264	0.3500	0.2475	0.0665	0.0029	-0.9978	0.1367	0.9905	0.0119	0.9884	-0.1372	0.0654
114781250	1.0263	0.3502	0.2484	0.0651	0.0035	-0.9979	0.1378	0.9904	0.0124	0.9883	-0.1383	0.0640
114781375	1.0270	0.3506	0.2479	0.0671	0.0035	-0.9977	0.1389	0.9902	0.0128	0.9880	-0.1394	0.0660
114781500	1.0261	0.3502	0.2483	0.0657	0.0038	-0.9978	0.1390	0.9902	0.0129	0.9881	-0.1395	0.0645
114781625	1.0264	0.3507	0.2489	0.0656	0.0035	-0.9978	0.1390	0.9902	0.0126	0.9881	-0.1395	0.0645
114781750	1.0263	0.3553	0.2483	0.0660	0.0041	-0.9978	0.1421	0.9898	0.0134	0.9877	-0.1427	0.0647
114781875	1.0265	0.3565	0.2470	0.0669	0.0037	-0.9978	0.1413	0.9899	0.0131	0.9877	-0.1419	0.0657
114782000	1.0264	0.3555	0.2474	0.0664	0.0040	-0.9978	0.1404	0.9900	0.0133	0.9879	-0.1410	0.0651
114782125	1.0263	0.3547	0.2470	0.0658	0.0036	-0.9978	0.1401	0.9900	0.0128	0.9879	-0.1407	0.0646
114782250	1.0262	0.3550	0.2477	0.0660	0.0033	-0.9978	0.1394	0.9902	0.0125	0.9880	-0.1399	0.0649
114782375	1.0259	0.3546	0.2473	0.0656	0.0029	-0.9978	0.1395	0.9901	0.0120	0.9880	-0.1400	0.0645
114782500	1.0258	0.3557	0.2485	0.0649	0.0027	-0.9979	0.1397	0.9901	0.0118	0.9881	-0.1402	0.0639
114782625	1.0259	0.3544	0.2475	0.0655	0.0025	-0.9978	0.1386	0.9903	0.0116	0.9882	-0.1390	0.0645
114782750	1.0259	0.3557	0.2473	0.0655	0.0035	-0.9978	0.1393	0.9902	0.0126	0.9881	-0.1398	0.0644
114782875	1.0257	0.3556	0.2468	0.0662	0.0031	-0.9978	0.1386	0.9903	0.0123	0.9881	-0.1391	0.0651
114783000	1.0259	0.3569	0.2473	0.0656	0.0036	-0.9978	0.1387	0.9903	0.0127	0.9882	-0.1392	0.0645
114783125	1.0257	0.3563	0.2476	0.0653	0.0032	-0.9979	0.1391	0.9902	0.0123	0.9881	-0.1396	0.0642
114783250	1.0260	0.3571	0.2473	0.0656	0.0034	-0.9978	0.1397	0.9901	0.0126	0.9880	-0.1402	0.0644
114783375	1.0267	0.3565	0.2473	0.0662	0.0034	-0.9978	0.1396	0.9901	0.0126	0.9880	-0.1401	0.0651
114783500	1.0264	0.3582	0.2480	0.0665	0.0039	-0.9978	0.1396	0.9901	0.0132	0.9880	-0.1402	0.0653
114783625	1.0268	0.3582	0.2478	0.0668	0.0050	-0.9978	0.1397	0.9901	0.0143	0.9879	-0.1404	0.0654
114783750	1.0270	0.3598	0.2481	0.0656	0.0047	-0.9978	0.1409	0.9899	0.0139	0.9878	-0.1415	0.0643
114783875	1.0273	0.3618	0.2465	0.0666	0.0057	-0.9978	0.1398	0.9901	0.0150	0.9879	-0.1405	0.0652
114784000	1.0278	0.3612	0.2484	0.0669	0.0049	-0.9978	0.1392	0.9902	0.0142	0.9880	-0.1398	0.0655
114784125	1.0276	0.3602	0.2466	0.0670	0.0056	-0.9977	0.1388	0.9902	0.0149	0.9881	-0.1395	0.0656
114784250	1.0280	0.3602	0.2474	0.0664	0.0048	-0.9978	0.1388	0.9902	0.0140	0.9881	-0.1395	0.0650
114784375	1.0281	0.3596	0.2471	0.0669	0.0054	-0.9977	0.1394	0.9901	0.0147	0.9880	-0.1401	0.0655
114784500	1.0282	0.3596	0.2472	0.0665	0.0041	-0.9978	0.1392	0.9902	0.0133	0.9880	-0.1398	0.0653
114784625	1.0287	0.3583	0.2480	0.0663	0.0050	-0.9978	0.1392	0.9902	0.0142	0.9880	-0.1398	0.0649
114784750	1.0281	0.3564	0.2450	0.0674	0.0023	-0.9977	0.1377	0.9904	0.0116	0.9882	-0.1382	0.0664
114784875	1.0282	0.3567	0.2467	0.0659	0.0030	-0.9978	0.1399	0.9901	0.0123	0.9880	-0.1404	0.0649
114785000	1.0283	0.3546	0.2445	0.0668	0.0025	-0.9978	0.1379	0.9904	0.0117	0.9882	-0.1384	0.0658
114785125	1.0286	0.3543	0.2449	0.0674	0.0026	-0.9977	0.1381	0.9903	0.0119	0.9881	-0.1386	0.0663
114785250	1.0285	0.3543	0.2453	0.0668	0.0033	-0.9978	0.1390	0.9902	0.0126	0.9880	-0.1395	0.0657
114785375	1.0275	0.3557	0.2448	0.0672	0.0028	-0.9977	0.1395	0.9901	0.0122	0.9879	-0.1400	0.0662
114785500	1.0277	0.3549	0.2449	0.0667	0.0018	-0.9978	0.1401	0.9901	0.0111	0.9879	-0.1405	0.0657
114785625	1.0275	0.3558	0.2450	0.0667	0.0028	-0.9978	0.1406	0.9900	0.0122	0.9878	-0.1410	0.0657
114785750	1.0273	0.3542	0.2454	0.0661	0.0019	-0.9978	0.1412	0.9899	0.0113	0.9878	-0.1416	0.0652
114785875	1.0277	0.3535	0.2465	0.0665	0.0029	-0.9978	0.1405	0.9900	0.0122	0.9878	-0.1410	0.0655
114786000	1.0271	0.3527	0.2459	0.0661	0.0024	-0.9978	0.1401	0.9901	0.0116	0.9879	-0.1406	0.0651
114786125	1.0274	0.3541	0.2473	0.0658	0.0026	-0.9978	0.1410	0.9899	0.0119	0.9878	-0.1415	0.0648
114786250	1.0274	0.3520	0.2477	0.0665	0.0028	-0.9978	0.1399	0.9901	0.0121	0.9879	-0.1404	0.0654
114786375	1.0279	0.3506	0.2475	0.0665	0.0026	-0.9978	0.1395	0.9902	0.0119	0.9880	-0.1400	0.0655
114786500	1.0271	0.3503	0.2460	0.0660	0.0021	-0.9978	0.1401	0.9901	0.0113	0.9879	-0.1405	0.0650
114786625	1.0273	0.3514	0.2470	0.0665	0.0014	-0.9978	0.1405	0.9900	0.0108	0.9878	-0.1409	0.0657
114786750	1.0268	0.3503	0.2469	0.0659	0.0020	-0.9978	0.1395	0.9902	0.0112	0.9880	-0.1399	0.0649
114786875	1.0269	0.3488	0.2486	0.0656	0.0031	-0.9978	0.1394	0.9902	0.0122	0.9881	-0.1399	0.0646
114787000	1.0272	0.3503	0.2484	0.0656	0.0022	-0.9978	0.1393	0.9902	0.0114	0.9881	-0.1397	0.0647
114787125	1.0262	0.3486	0.2480	0.0649	0.0030	-0.9979	0.1384	0.9903	0.0120	0.9882	-0.1389	0.0639
114787250	1.0267	0.3500	0.2489	0.0642	0.0029	-0.9979	0.1394	0.9902	0.0118	0.9882	-0.1398	0.0632
114787375	1.0265	0.3511	0.2497	0.0637	0.0026	-0.9980	0.1383	0.9903	0.0114	0.9883	-0.1387	0.0627
114787500	1.0262	0.3525	0.2490	0.0650	0.0036	-0.9979	0.1392	0.9902	0.0126	0.9881	-0.1397	0.0639
114787625	1.0263	0.3519	0.2490	0.0646	0.0023	-0.9979	0.1398	0.9901	0.0113	0.9881	-0.1402	0.0636
114787750	1.0258	0.3571	0.2481	0.0656	0.0024	-0.9978	0.1426	0.9897	0.0118	0.9876	-0.1431	0.0645
114787875	1.0255	0.3581	0.2469	0.0654	0.0014	-0.9979	0.1407	0.9900	0.0106	0.9879	-0.1411	0.0645
114788000	1.0252	0.3574	0.2462	0.0653	0.0012	-0.9979	0.1405	0.9900	0.0104	0.9879	-0.1409	0.0645
114788125	1.0250	0.3575	0.2466	0.0646	0.0022	-0.9979	0.1391	0.9902	0.0112	0.9882	-0.1395	0.0636
114788250	1.0253	0.3588	0.2473	0.0649	0.0027	-0.9979	0.1406	0.9900	0.0118	0.9879	-0.1410	0.0639
114788375	1.0247	0.3586	0.2469	0.0641	0.0030	-0.9979	0.1392	0.9902	0.0120	0.9882	-0.1397	0.0631
114788500	1.0247	0.3607	0.2462	0.0651	0.0031	-0.9979	0.1403	0.9900	0.0123	0.9880	-0.1408	0.0640
114788625	1.0253	0.3610	0.2473	0.0650	0.0029	-0.9979	0.1409	0.9899	0.0121	0.9879	-0.1414	0.0640
114788750	1.0258	0.3660	0.2472	0.0661	0.0060	-0.9978	0.1434	0.9895	0.0154	0.9875	-0.1441	0.0646
114788875	1.0260	0.3653	0.2462	0.0671	0.0077	-0.9977	0.1404	0.9899	0.0170	0.9878	-0.1413	0.0654
114789000	1.0260	0.3656	0.2464	0.0667	0.0070	-0.9977	0.1399	0.9900	0.0163	0.9879	-0.1406	0.0651
114789125	1.0259	0.3648	0.2456	0.0668	0.0057	-0.9978	0.1407	0.9899	0.0150	0.9878	-0.1414	0.0653
114789250	1.0258	0.3652	0.2456	0.0667	0.0052	-0.9978	0.1402	0.9900	0.0145	0.9879	-0.1409	0.0653
114789375	1.0264	0.3644	0.2460	0.0665	0.0046	-0.9978	0.1400	0.9901	0.0139	0.9879	-0.1406	0.0652
114789500	1.0266	0.3658	0.2455	0.0664	0.0041	-0.9978	0.1408	0.9899	0.0134	0.9878	-0.1414	0.0652
114789625	1.0259	0.3650	0.2453	0.0663	0.0038	-0.9978	0.1395	0.9901	0.0130	0.9880	-0.1400	0.0652
114789750	1.0275	0.3632	0.2455	0.0668	0.0040	-0.9978	0.1388	0.9902	0.0133	0.9881	-0.1394	0.0656
114789875	1.0284	0.3629	0.2439	0.0671	0.0030	-0.9977	0.1403	0.9900	0.0125	0.9878	-0.1408	0.0660
114790000	1.0284	0.3638	0.2439	0.0675	0.0037	-0.9977	0.1403	0.9900	0.0132	0.9878	-0.1409	0.0663
114790125	1.0285	0.3646	0.2445	0.0681	0.0026	-0.9977	0.1415	0.9899	0.0123	0.9876	-0.1420	0.0670
114790250	1.0281	0.3633	0.2443	0.0668	0.0031	-0.9978	0.1396	0.9901	0.0125	0.9879	-0.1401	0.0657
114790375	1.0286	0.3633	0.2448	0.0674	0.0029	-0.9977	0.1395	0.9901	0.0123	0.9879	-0.1400	0.0663
114790500	1.0276	0.3632	0.2446	0.0663	0.0018	-0.9978	0.1400	0.9901	0.0110	0.9879	-0.1404	0.0654
114790625	1.0278	0.3638	0.2457	0.0661	0.0019	-0.9978	0.1407	0.9900	0.0112	0.9878	-0.1411	0.0651
114790750	1.0271	0.3608	0.2433	0.0670	0.0004	-0.9978	0.1390	0.9902	0.0097	0.9880	-0.1394	0.0663
114790875	1.0270	0.3587	0.2437	0.0663	0.0001	-0.9978	0.1386	0.9903	0.0093	0.9881	-0.1389	0.0656
114791000	1.0266	0.3584	0.2441	0.0657	-0.0009	-0.9978	0.1403	0.9901	0.0084	0.9879	-0.1405	0.0652
114791125	1.0266	0.3597	0.2439	0.0654	-0.0007	-0.9979	0.1410	0.9900	0.0085	0.9878	-0.1412	0.0649
114791250	1.0267	0.3588	0.2456	0.0644	-0.0008	-0.9979	0.1401	0.9901	0.0083	0.9880	-0.1404	0.0639
114791375	1.0262	0.3601	0.2444	0.0651	0.0007	-0.9979	0.1400	0.9901	0.0098	0.9880	-0.1403	0.0643
114791500	1.0264	0.3619	0.2453	0.0642	-0.0015	-0.9979	0.1415	0.9899	0.0076	0.9879	-0.1416	0.0638
114791625	1.0266	0.3618	0.2454	0.0641	-0.0024	-0.9979	0.1416	0.9899	0.0067	0.9878	-0.1418	0.0638
114791750	1.0257	0.3633	0.2447	0.0660	-0.0006	-0.9978	0.1422	0.9898	0.0088	0.9876	-0.1425	0.0654
114791875	1.0257	0.3627	0.2452	0.0672	0.0009	-0.9977	0.1409	0.9900	0.0104	0.9877	-0.1413	0.0664
114792000	1.0255	0.3634	0.2441	0.0673	0.0012	-0.9977	0.1414	0.9899	0.0108	0.9877	-0.1418	0.0664
114792125	1.0256	0.3633	0.2459	0.0673	0.0018	-0.9977	0.1414	0.9899	0.0113	0.9877	-0.1418	0.0664
114792250	1.0257	0.3644	0.2442	0.0677	0.0019	-0.9977	0.1418	0.9898	0.0115	0.9876	-0.1423	0.0667
114792375	1.0256	0.3639	0.2446	0.0677	0.0017	-0.9977	0.1416	0.9899	0.0113	0.9876	-0.1420	0.0668
114792500	1.0251	0.3605	0.2456	0.0664	0.0024	-0.9978	0.1392	0.9902	0.0116	0.9880	-0.1397	0.0655
114792625	1.0253	0.3596	0.2448	0.0668	0.0034	-0.9978	0.1393	0.9902	0.0127	0.9880	-0.1398	0.0656
114792750	1.0247	0.3611	0.2458	0.0675	0.0057	-0.9977	0.1401	0.9900	0.0151	0.9878	-0.1408	0.0661
114792875	1.0247	0.3623	0.2462	0.0674	0.0048	-0.9977	0.1416	0.9898	0.0143	0.9876	-0.1422	0.0660
114793000	1.0250	0.3624	0.2466	0.0661	0.0046	-0.9978	0.1428	0.9896	0.0140	0.9875	-0.1434	0.0648
114793125	1.0250	0.3616	0.2465	0.0675	0.0052	-0.9977	0.1419	0.9898	0.0147	0.9876	-0.1425	0.0660
114793250	1.0253	0.3630	0.2465	0.0667	0.0054	-0.9978	0.1420	0.9898	0.0148	0.9876	-0.1427	0.0652
114793375	1.0254	0.3638	0.2455	0.0681	0.0051	-0.9977	0.1431	0.9896	0.0148	0.9874	-0.1438	0.0667
114793500	1.0255	0.3615	0.2453	0.0683	0.0063	-0.9976	0.1413	0.9898	0.0159	0.9876	-0.1420	0.0667
114793625	1.0251	0.3631	0.2432	0.0676	0.0046	-0.9977	0.1411	0.9899	0.0141	0.9877	-0.1417	0.0663
114793750	1.0259	0.3624	0.2454	0.0677	0.0050	-0.9977	0.1403	0.9900	0.0145	0.9878	-0.1410	0.0664
114793875	1.0264	0.3635	0.2440	0.0688	0.0053	-0.9976	0.1414	0.9898	0.0150	0.9876	-0.1421	0.0673
114794000	1.0270	0.3650	0.2429	0.0692	0.0051	-0.9976	0.1422	0.9897	0.0150	0.9874	-0.1429	0.0678
114794125	1.0270	0.3649	0.2419	0.0693	0.0040	-0.9976	0.1423	0.9897	0.0138	0.9874	-0.1429	0.0680
114794250	1.0270	0.3647	0.2437	0.0687	0.0040	-0.9976	0.1408	0.9899	0.0136	0.9877	-0.1414	0.0675
114794375	1.0272	0.3658	0.2457	0.0674	0.0030	-0.9977	0.1418	0.9898	0.0125	0.9876	-0.1424	0.0663
114794500	1.0282	0.3641	0.2378	0.0717	0.0050	-0.9974	0.1406	0.9900	0.0151	0.9875	-0.1413	0.0703
114794625	1.0277	0.3649	0.2434	0.0680	0.0018	-0.9977	0.1405	0.9900	0.0113	0.9877	-0.1410	0.0671
114794750	1.0280	0.3642	0.2450	0.0667	0.0040	-0.9978	0.1402	0.9900	0.0133	0.9879	-0.1407	0.0654
114794875	1.0272	0.3642	0.2464	0.0656	0.0037	-0.9978	0.1405	0.9900	0.0129	0.9879	-0.1410	0.0644
114795000	1.0276	0.3636	0.2440	0.0676	0.0036	-0.9977	0.1409	0.9899	0.0131	0.9877	-0.1415	0.0664
114795125	1.0279	0.3651	0.2461	0.0658	0.0047	-0.9978	0.1419	0.9898	0.0140	0.9877	-0.1425	0.0644
114795250	1.0282	0.3647	0.2462	0.0662	0.0056	-0.9978	0.1417	0.9898	0.0149	0.9877	-0.1424	0.0648
114795375	1.0279	0.3627	0.2454	0.0657	0.0053	-0.9978	0.1403	0.9900	0.0145	0.9879	-0.1410	0.0643
114795500	1.0288	0.3651	0.2472	0.0658	0.0051	-0.9978	0.1406	0.9900	0.0143	0.9879	-0.1412	0.0644
114795625	1.0285	0.3643	0.2479	0.0646	0.0043	-0.9979	0.1403	0.9900	0.0134	0.9880	-0.1409	0.0633
114795750	1.0286	0.3646	0.2465	0.0640	0.0042	-0.9979	0.1350	0.9908	0.0128	0.9888	-0.1356	0.0629
114795875	1.0265	0.3617	0.2460	0.0649	0.0037	-0.9979	0.1330	0.9910	0.0123	0.9890	-0.1335	0.0638
114796000	1.0261	0.3626	0.2460	0.0642	0.0012	-0.9979	0.1349	0.9908	0.0099	0.9888	-0.1352	0.0635
114796125	1.0264	0.3617	0.2457	0.0657	0.0042	-0.9978	0.1340	0.9909	0.0130	0.9888	-0.1346	0.0645
114796250	1.0262	0.3626	0.2458	0.0654	0.0034	-0.9979	0.1337	0.9910	0.0122	0.9889	-0.1342	0.0644
114796375	1.0268	0.3630	0.2454	0.0653	0.0022	-0.9979	0.1342	0.9909	0.0109	0.9888	-0.1346	0.0644
114796500	1.0269	0.3649	0.2463	0.0645	0.0023	-0.9979	0.1345	0.9909	0.0110	0.9888	-0.1349	0.0636
114796625	1.0265	0.3639	0.2464	0.0646	0.0028	-0.9979	0.1336	0.9910	0.0114	0.9889	-0.1340	0.0636
114796750	1.0263	0.3655	0.2444	0.0660	0.0029	-0.9978	0.1339	0.9909	0.0118	0.9888	-0.1344	0.0650
114796875	1.0261	0.3644	0.2458	0.0658	0.0021	-0.9978	0.1347	0.9908	0.0110	0.9887	-0.1351	0.0649
114797000	1.0253	0.3637	0.2458	0.0654	0.0019	-0.9979	0.1338	0.9910	0.0107	0.9888	-0.1342	0.0646
114797125	1.0262	0.3634	0.2452	0.0670	0.0037	-0.9977	0.1343	0.9909	0.0127	0.9887	-0.1349	0.0659
114797250	1.0258	0.3638	0.2457	0.0642	0.0025	-0.9979	0.1354	0.9907	0.0112	0.9887	-0.1358	0.0632
114797375	1.0256	0.3626	0.2440	0.0651	0.0059	-0.9979	0.1340	0.9909	0.0146	0.9888	-0.1347	0.0637
114797500	1.0264	0.3613	0.2431	0.0671	0.0059	-0.9977	0.1316	0.9912	0.0147	0.9890	-0.1323	0.0658
114797625	1.0258	0.3617	0.2413	0.0666	0.0054	-0.9978	0.1322	0.9911	0.0142	0.9890	-0.1328	0.0653
114797750	1.0262	0.3606	0.2411	0.0679	0.0057	-0.9977	0.1329	0.9910	0.0147	0.9888	-0.1335	0.0666
114797875	1.0261	0.3595	0.2423	0.0693	0.0049	-0.9976	0.1333	0.9910	0.0141	0.9886	-0.1340	0.0680
114798000	1.0256	0.3578	0.2415	0.0688	0.0041	-0.9976	0.1321	0.9911	0.0132	0.9888	-0.1327	0.0677
114798125	1.0254	0.3558	0.2396	0.0685	0.0023	-0.9976	0.1326	0.9911	0.0114	0.9888	-0.1331	0.0676
114798250	1.0241	0.3579	0.2417	0.0674	0.0026	-0.9977	0.1327	0.9911	0.0116	0.9889	-0.1332	0.0664
114798375	1.0240	0.3602	0.2408	0.0669	0.0052	-0.9977	0.1349	0.9908	0.0142	0.9886	-0.1355	0.0656
114798500	1.0240	0.3581	0.2406	0.0662	0.0014	-0.9978	0.1324	0.9911	0.0101	0.9890	-0.1328	0.0655
114798625	1.0237	0.3545	0.2406	0.0659	0.0001	-0.9978	0.1323	0.9912	0.0089	0.9890	-0.1326	0.0653
114798750	1.0239	0.3530	0.2405	0.0673	0.0001	-0.9977	0.1326	0.9911	0.0091	0.9889	-0.1329	0.0667
114798875	1.0240	0.3531	0.2392	0.0664	0.0005	-0.9978	0.1317	0.9912	0.0092	0.9891	-0.1320	0.0657
114799000	1.0256	0.3491	0.2425	0.0652	-0.0022	-0.9979	0.1320	0.9912	0.0065	0.9891	-0.1321	0.0649
114799125	1.0254	0.3478	0.2404	0.0657	-0.0023	-0.9978	0.1301	0.9915	0.0063	0.9893	-0.1302	0.0654
114799250	1.0235	0.3513	0.2402	0.0632	-0.0009	-0.9980	0.1343	0.9909	0.0076	0.9889	-0.1345	0.0628
114799375	1.0218	0.3585	0.2408	0.0636	0.0023	-0.9980	0.1361	0.9906	0.0110	0.9887	-0.1365	0.0627
114799500	1.0184	0.3649	0.2449	0.0622	0.0107	-0.9980	0.1389	0.9901	0.0193	0.9884	-0.1398	0.0601
114799625	1.0242	0.3468	0.2415	0.0658	-0.0093	-0.9978	0.1321	0.9912	-0.0006	0.9891	-0.1318	0.0664
114799750	1.0216	0.3417	0.2407	0.0607	-0.0122	-0.9981	0.1290	0.9916	-0.0043	0.9898	-0.1285	0.0617
114799875	1.0207	0.3467	0.2404	0.0633	-0.0061	-0.9980	0.1310	0.9914	0.0023	0.9894	-0.1309	0.0635
114800000	1.0243	0.3557	0.2382	0.0649	0.0037	-0.9979	0.1347	0.9908	0.0125	0.9888	-0.1353	0.0638
114800125	1.0238	0.3495	0.2364	0.0633	-0.0023	-0.9980	0.1316	0.9913	0.0061	0.9893	-0.1318	0.0631
114800250	1.0236	0.3481	0.2376	0.0629	-0.0048	-0.9980	0.1314	0.9913	0.0035	0.9893	-0.1314	0.0630
114800375	1.0239	0.3474	0.2381	0.0630	-0.0041	-0.9980	0.1311	0.9914	0.0042	0.9894	-0.1311	0.0630
114800500	1.0241	0.3482	0.2362	0.0638	-0.0032	-0.9980	0.1309	0.9914	0.0052	0.9893	-0.1310	0.0637
114800625	1.0250	0.3503	0.2376	0.0641	-0.0030	-0.9979	0.1322	0.9912	0.0055	0.9891	-0.1323	0.0639
114800750	1.0248	0.3537	0.2360	0.0649	0.0000	-0.9979	0.1329	0.9911	0.0087	0.9890	-0.1332	0.0643
114800875	1.0247	0.3521	0.2368	0.0650	0.0008	-0.9979	0.1329	0.9911	0.0094	0.9890	-0.1332	0.0644
114801000	1.0250	0.3538	0.2376	0.0637	0.0002	-0.9980	0.1330	0.9911	0.0087	0.9891	-0.1332	0.0631
114801125	1.0247	0.3497	0.2365	0.0649	-0.0004	-0.9979	0.1317	0.9913	0.0082	0.9892	-0.1320	0.0644
114801250	1.0247	0.3508	0.2368	0.0645	-0.0015	-0.9979	0.1329	0.9911	0.0071	0.9890	-0.1331	0.0641
114801375	1.0250	0.3527	0.2373	0.0647	-0.0004	-0.9979	0.1327	0.9911	0.0082	0.9890	-0.1330	0.0641
114801500	1.0252	0.3518	0.2383	0.0642	0.0003	-0.9979	0.1322	0.9912	0.0088	0.9891	-0.1325	0.0636
114801625	1.0250	0.3510	0.2366	0.0646	0.0013	-0.9979	0.1325	0.9911	0.0099	0.9891	-0.1328	0.0638
114801750	1.0256	0.3524	0.2368	0.0645	0.0006	-0.9979	0.1332	0.9910	0.0092	0.9890	-0.1335	0.0639
114801875	1.0255	0.3517	0.2355	0.0660	0.0002	-0.9978	0.1340	0.9909	0.0090	0.9888	-0.1343	0.0654
114802000	1.0245	0.3529	0.2385	0.0662	0.0002	-0.9978	0.1342	0.9909	0.0091	0.9887	-0.1346	0.0655
114802125	1.0243	0.3533	0.2380	0.0651	0.0006	-0.9979	0.1344	0.9909	0.0094	0.9888	-0.1347	0.0644
114802250	1.0246	0.3532	0.2385	0.0654	0.0024	-0.9979	0.1354	0.9907	0.0112	0.9886	-0.1359	0.0645
114802375	1.0232	0.3516	0.2370	0.0653	0.0016	-0.9979	0.1325	0.9911	0.0103	0.9890	-0.1329	0.0645
114802500	1.0236	0.3522	0.2378	0.0646	0.0013	-0.9979	0.1329	0.9911	0.0099	0.9890	-0.1333	0.0638
114802625	1.0237	0.3532	0.2367	0.0642	0.0008	-0.9979	0.1335	0.9910	0.0094	0.9890	-0.1339	0.0635
114802750	1.0238	0.3531	0.2370	0.0644	0.0023	-0.9979	0.1334	0.9910	0.0109	0.9890	-0.1338	0.0635
114802875	1.0236	0.3511	0.2376	0.0642	0.0019	-0.9979	0.1330	0.9911	0.0104	0.9890	-0.1334	0.0634
114803000	1.0238	0.3544	0.2393	0.0638	0.0010	-0.9980	0.1335	0.9910	0.0096	0.9890	-0.1338	0.0631
114803125	1.0237	0.3549	0.2396	0.0634	0.0019	-0.9980	0.1338	0.9910	0.0104	0.9890	-0.1342	0.0625
114803250	1.0237	0.3562	0.2396	0.0645	0.0026	-0.9979	0.1342	0.9909	0.0113	0.9889	-0.1346	0.0636
114803375	1.0238	0.3562	0.2397	0.0639	0.0028	-0.9980	0.1336	0.9910	0.0113	0.9890	-0.1340	0.0629
114803500	1.0243	0.3587	0.2399	0.0641	0.0001	-0.9979	0.1352	0.9908	0.0088	0.9887	-0.1355	0.0635
114803625	1.0243	0.3579	0.2388	0.0653	0.0012	-0.9979	0.1348	0.9908	0.0100	0.9887	-0.1352	0.0646
114803750	1.0248	0.3581	0.2392	0.0652	0.0023	-0.9979	0.1344	0.9909	0.0110	0.9888	-0.1349	0.0643
114803875	1.0248	0.3595	0.2391	0.0652	0.0020	-0.9979	0.1340	0.9909	0.0107	0.9888	-0.1344	0.0643
114804000	1.0259	0.3590	0.2406	0.0652	0.0011	-0.9979	0.1336	0.9910	0.0098	0.9889	-0.1339	0.0645
114804125	1.0253	0.3596	0.2407	0.0645	0.0023	-0.9979	0.1339	0.9909	0.0109	0.9889	-0.1343	0.0636
114804250	1.0260	0.3612	0.2404	0.0648	0.0008	-0.9979	0.1345	0.9909	0.0095	0.9888	-0.1348	0.0641
114804375	1.0261	0.3610	0.2404	0.0647	0.0024	-0.9979	0.1330	0.9911	0.0110	0.9890	-0.1334	0.0638
114804500	1.0260	0.3603	0.2410	0.0649	0.0024	-0.9979	0.1331	0.9910	0.0110	0.9890	-0.1335	0.0640
114804625	1.0262	0.3604	0.2403	0.0643	0.0026	-0.9979	0.1332	0.9910	0.0112	0.9890	-0.1336	0.0634
114804750	1.0265	0.3601	0.2423	0.0640	0.0019	-0.9979	0.1335	0.9910	0.0104	0.9890	-0.1339	0.0632
114804875	1.0263	0.3591	0.2412	0.0646	0.0029	-0.9979	0.1332	0.9910	0.0115	0.9890	-0.1337	0.0636
114805000	1.0274	0.3603	0.2431	0.0642	0.0027	-0.9979	0.1326	0.9911	0.0112	0.9891	-0.1330	0.0633
114805125	1.0266	0.3559	0.2405	0.0653	0.0015	-0.9979	0.1341	0.9909	0.0103	0.9888	-0.1345	0.0645
114805250	1.0271	0.3553	0.2396	0.0654	0.0012	-0.9979	0.1326	0.9911	0.0099	0.9890	-0.1329	0.0647
114805375	1.0271	0.3550	0.2418	0.0647	0.0008	-0.9979	0.1324	0.9911	0.0094	0.9891	-0.1328	0.0640
114805500	1.0269	0.3542	0.2411	0.0651	0.0013	-0.9979	0.1330	0.9911	0.0099	0.9890	-0.1334	0.0644
114805625	1.0273	0.3534	0.2411	0.0654	0.0011	-0.9979	0.1335	0.9910	0.0098	0.9889	-0.1339	0.0646
114805750	1.0271	0.3551	0.2413	0.0649	0.0006	-0.9979	0.1338	0.9910	0.0093	0.9889	-0.1341	0.0643
114805875	1.0276	0.3551	0.2410	0.0651	0.0008	-0.9979	0.1336	0.9910	0.0095	0.9889	-0.1340	0.0644
114806000	1.0276	0.3527	0.2419	0.0651	0.0002	-0.9979	0.1325	0.9911	0.0088	0.9890	-0.1328	0.0645
114806125	1.0279	0.3531	0.2407	0.0652	-0.0002	-0.9979	0.1332	0.9911	0.0085	0.9889	-0.1334	0.0646
114806250	1.0278	0.3533	0.2414	0.0648	-0.0014	-0.9979	0.1338	0.9910	0.0073	0.9889	-0.1339	0.0644
114806375	1.0284	0.3525	0.2414	0.0653	-0.0005	-0.9979	0.1329	0.9911	0.0082	0.9890	-0.1331	0.0648
114806500	1.0277	0.3515	0.2414	0.0655	0.0008	-0.9979	0.1327	0.9911	0.0095	0.9890	-0.1330	0.0648
114806625	1.0278	0.3528	0.2418	0.0649	0.0003	-0.9979	0.1334	0.9910	0.0090	0.9889	-0.1337	0.0643
114806750	1.0259	0.3529	0.2415	0.0663	0.0045	-0.9978	0.1333	0.9910	0.0133	0.9889	-0.1339	0.0651
114806875	1.0257	0.3517	0.2423	0.0656	0.0054	-0.9978	0.1334	0.9910	0.0142	0.9889	-0.1341	0.0643
114807000	1.0261	0.3529	0.2417	0.0666	0.0055	-0.9978	0.1342	0.9908	0.0144	0.9887	-0.1349	0.0652
114807125	1.0255	0.3539	0.2409	0.0661	0.0046	-0.9978	0.1347	0.9908	0.0135	0.9887	-0.1352	0.0649
114807250	1.0250	0.3569	0.2393	0.0670	0.0049	-0.9977	0.1347	0.9908	0.0139	0.9886	-0.1353	0.0657
114807375	1.0244	0.3572	0.2390	0.0657	0.0046	-0.9978	0.1350	0.9908	0.0135	0.9887	-0.1356	0.0644
114807500	1.0248	0.3550	0.2406	0.0658	0.0046	-0.9978	0.1343	0.9909	0.0134	0.9888	-0.1349	0.0645
114807625	1.0247	0.3564	0.2391	0.0672	0.0048	-0.9977	0.1346	0.9908	0.0139	0.9886	-0.1352	0.0659
114807750	1.0245	0.3545	0.2402	0.0661	0.0034	-0.9978	0.1343	0.9909	0.0122	0.9887	-0.1348	0.0651
114807875	1.0245	0.3540	0.2385	0.0663	0.0036	-0.9978	0.1333	0.9910	0.0124	0.9889	-0.1338	0.0652
114808000	1.0245	0.3547	0.2396	0.0666	0.0036	-0.9978	0.1338	0.9909	0.0125	0.9888	-0.1343	0.0655
114808125	1.0240	0.3546	0.2376	0.0669	0.0032	-0.9978	0.1327	0.9911	0.0121	0.9889	-0.1332	0.0658
114808250	1.0243	0.3552	0.2381	0.0668	0.0033	-0.9978	0.1319	0.9912	0.0121	0.9890	-0.1324	0.0658
114808375	1.0243	0.3576	0.2387	0.0668	0.0047	-0.9978	0.1330	0.9910	0.0136	0.9889	-0.1336	0.0656
114808500	1.0246	0.3579	0.2376	0.0676	0.0039	-0.9977	0.1336	0.9909	0.0129	0.9887	-0.1342	0.0665
114808625	1.0242	0.3580	0.2390	0.0671	0.0041	-0.9977	0.1333	0.9910	0.0131	0.9888	-0.1339	0.0660
114808750	1.0244	0.3588	0.2369	0.0676	0.0038	-0.9977	0.1333	0.9910	0.0128	0.9888	-0.1339	0.0665
114808875	1.0239	0.3579	0.2375	0.0674	0.0042	-0.9977	0.1331	0.9910	0.0132	0.9888	-0.1337	0.0662
114809000	1.0237	0.3590	0.2372	0.0683	0.0042	-0.9977	0.1329	0.9910	0.0133	0.9888	-0.1335	0.0671
114809125	1.0240	0.3590	0.2377	0.0675	0.0063	-0.9977	0.1334	0.9909	0.0153	0.9888	-0.1342	0.0660
114809250	1.0250	0.3576	0.2405	0.0674	0.0060	-0.9977	0.1334	0.9909	0.0150	0.9888	-0.1341	0.0660
114809375	1.0249	0.3570	0.2410	0.0663	0.0066	-0.9978	0.1330	0.9910	0.0154	0.9889	-0.1337	0.0648
114809500	1.0245	0.3551	0.2414	0.0664	0.0053	-0.9978	0.1318	0.9912	0.0141	0.9890	-0.1325	0.0651
114809625	1.0252	0.3566	0.2412	0.0671	0.0062	-0.9977	0.1320	0.9911	0.0151	0.9890	-0.1327	0.0657
114809750	1.0248	0.3561	0.2407	0.0677	0.0042	-0.9977	0.1319	0.9912	0.0131	0.9890	-0.1325	0.0665
114809875	1.0250	0.3585	0.2408	0.0671	0.0028	-0.9977	0.1318	0.9912	0.0116	0.9890	-0.1323	0.0662
114810000	1.0246	0.3577	0.2409	0.0673	0.0044	-0.9977	0.1312	0.9913	0.0132	0.9891	-0.1318	0.0661
114810125	1.0244	0.3594	0.2412	0.0663	0.0046	-0.9978	0.1306	0.9913	0.0133	0.9892	-0.1312	0.0652
114810250	1.0251	0.3593	0.2407	0.0672	0.0042	-0.9977	0.1320	0.9912	0.0131	0.9890	-0.1325	0.0661
114810375	1.0251	0.3574	0.2394	0.0666	0.0040	-0.9978	0.1312	0.9913	0.0127	0.9891	-0.1318	0.0655
114810500	1.0257	0.3595	0.2399	0.0668	0.0041	-0.9978	0.1324	0.9911	0.0129	0.9889	-0.1329	0.0656
114810625	1.0258	0.3602	0.2400	0.0667	0.0034	-0.9978	0.1316	0.9912	0.0121	0.9891	-0.1321	0.0657
114810750	1.0263	0.3607	0.2393	0.0675	0.0034	-0.9977	0.1319	0.9912	0.0123	0.9890	-0.1324	0.0665
114810875	1.0262	0.3600	0.2394	0.0672	0.0034	-0.9977	0.1323	0.9911	0.0123	0.9889	-0.1329	0.0662
114811000	1.0268	0.3602	0.2399	0.0678	0.0034	-0.9977	0.1313	0.9913	0.0123	0.9890	-0.1318	0.0667
114811125	1.0265	0.3585	0.2390	0.0683	0.0040	-0.9977	0.1318	0.9912	0.0130	0.9889	-0.1324	0.0672
114811250	1.0268	0.3588	0.2412	0.0669	0.0047	-0.9978	0.1310	0.9913	0.0135	0.9891	-0.1316	0.0656
114811375	1.0270	0.3592	0.2410	0.0671	0.0049	-0.9977	0.1317	0.9912	0.0137	0.9890	-0.1323	0.0659
114811500	1.0266	0.3583	0.2409	0.0668	0.0048	-0.9978	0.1307	0.9913	0.0135	0.9892	-0.1313	0.0656
114811625	1.0268	0.3596	0.2410	0.0678	0.0047	-0.9977	0.1319	0.9912	0.0137	0.9889	-0.1325	0.0666
114811750	1.0271	0.3596	0.2413	0.0673	0.0047	-0.9977	0.1320	0.9912	0.0135	0.9890	-0.1326	0.0661
114811875	1.0268	0.3589	0.2405	0.0674	0.0058	-0.9977	0.1315	0.9912	0.0147	0.9890	-0.1322	0.0660
114812000	1.0273	0.3601	0.2400	0.0672	0.0048	-0.9977	0.1323	0.9911	0.0136	0.9889	-0.1330	0.0659
114812125	1.0276	0.3597	0.2415	0.0666	0.0049	-0.9978	0.1318	0.9912	0.0137	0.9890	-0.1325	0.0653
114812250	1.0279	0.3591	0.2413	0.0674	0.0031	-0.9977	0.1324	0.9911	0.0120	0.9889	-0.1329	0.0664
114812375	1.0276	0.3597	0.2393	0.0679	0.0033	-0.9977	0.1330	0.9910	0.0124	0.9888	-0.1335	0.0669
114812500	1.0274	0.3589	0.2415	0.0669	0.0042	-0.9978	0.1311	0.9913	0.0130	0.9891	-0.1317	0.0658
114812625	1.0281	0.3581	0.2415	0.0674	0.0048	-0.9977	0.1316	0.9912	0.0137	0.9890	-0.1322	0.0662
114812750	1.0282	0.3558	0.2414	0.0676	0.0065	-0.9977	0.1308	0.9913	0.0154	0.9891	-0.1315	0.0662
114812875	1.0279	0.3537	0.2434	0.0659	0.0040	-0.9978	0.1305	0.9914	0.0126	0.9893	-0.1310	0.0648
114813000	1.0279	0.3547	0.2398	0.0676	0.0053	-0.9977	0.1313	0.9912	0.0141	0.9890	-0.1320	0.0663
