META	HEADER	GNSS location/orientation script
META	VERSION	1.0.0
META	FORMAT	ASCII
META	CONTENT	DEFAULT
META	END
iTOW	Origin_X	Origin_Y	Origin_Z	Basis_XX	Basis_XY	Basis_XZ	Basis_YX	Basis_YY	Basis_YZ	Basis_ZX	Basis_ZY	Basis_ZZ
383576500	-0.5422	0.0194	-0.2902	-0.1029	-0.0133	-0.9946	-0.0208	0.9997	-0.0112	0.9945	0.0196	-0.1031
383576625	-0.5420	0.0220	-0.2903	-0.1028	-0.0127	-0.9946	-0.0186	0.9998	-0.0108	0.9945	0.0174	-0.1030
383576750	-0.5421	0.0231	-0.2903	-0.1029	-0.0127	-0.9946	-0.0192	0.9998	-0.0108	0.9945	0.0180	-0.1031
383576875	-0.5412	0.0224	-0.2900	-0.1024	-0.0135	-0.9946	-0.0191	0.9997	-0.0116	0.9946	0.0178	-0.1027
383577000	-0.5412	0.0229	-0.2906	-0.1031	-0.0129	-0.9946	-0.0201	0.9997	-0.0109	0.9945	0.0188	-0.1033
383577125	-0.5422	0.0179	-0.2888	-0.1026	-0.0125	-0.9946	-0.0226	0.9997	-0.0103	0.9945	0.0214	-0.1028
383577250	-0.5429	0.0189	-0.2896	-0.1029	-0.0135	-0.9946	-0.0195	0.9997	-0.0116	0.9945	0.0182	-0.1031
383577375	-0.5424	0.0207	-0.2885	-0.1023	-0.0115	-0.9947	-0.0177	0.9998	-0.0098	0.9946	0.0166	-0.1025
383577500	-0.5429	0.0199	-0.2888	-0.1046	-0.0107	-0.9945	-0.0195	0.9998	-0.0087	0.9943	0.0184	-0.1048
383577625	-0.5421	0.0199	-0.2894	-0.1036	-0.0141	-0.9945	-0.0204	0.9997	-0.0121	0.9944	0.0190	-0.1038
383577750	-0.5433	0.0172	-0.2863	-0.1031	-0.0148	-0.9946	-0.0197	0.9997	-0.0129	0.9945	0.0183	-0.1033
383577875	-0.5420	0.0196	-0.2878	-0.1035	-0.0136	-0.9945	-0.0181	0.9998	-0.0117	0.9945	0.0168	-0.1037
383578000	-0.5427	0.0165	-0.2863	-0.1040	-0.0152	-0.9945	-0.0212	0.9997	-0.0131	0.9944	0.0198	-0.1043
383578125	-0.5413	0.0193	-0.2868	-0.1020	-0.0163	-0.9946	-0.0191	0.9997	-0.0145	0.9946	0.0175	-0.1023
383578250	-0.5419	0.0109	-0.2859	-0.1030	-0.0213	-0.9945	-0.0247	0.9995	-0.0188	0.9944	0.0227	-0.1035
383578375	-0.5431	0.0126	-0.2858	-0.1032	-0.0179	-0.9945	-0.0224	0.9996	-0.0157	0.9944	0.0207	-0.1035
383578500	-0.5440	0.0124	-0.2846	-0.1026	-0.0188	-0.9945	-0.0221	0.9996	-0.0166	0.9945	0.0203	-0.1030
383578625	-0.5440	0.0169	-0.2847	-0.1039	-0.0169	-0.9944	-0.0184	0.9997	-0.0150	0.9944	0.0167	-0.1042
383578750	-0.5436	0.0178	-0.2869	-0.1051	-0.0151	-0.9943	-0.0182	0.9997	-0.0132	0.9943	0.0167	-0.1054
383578875	-0.5464	0.0205	-0.2855	-0.1066	-0.0111	-0.9942	-0.0147	0.9998	-0.0096	0.9942	0.0136	-0.1068
383579000	-0.5449	0.0258	-0.2863	-0.1072	-0.0059	-0.9942	-0.0138	0.9999	-0.0044	0.9941	0.0133	-0.1073
383579125	-0.5451	0.0218	-0.2862	-0.1067	-0.0112	-0.9942	-0.0153	0.9998	-0.0096	0.9942	0.0142	-0.1068
383579250	-0.5445	0.0211	-0.2846	-0.1056	-0.0106	-0.9943	-0.0151	0.9998	-0.0090	0.9943	0.0141	-0.1058
383579375	-0.5448	0.0176	-0.2846	-0.1041	-0.0124	-0.9945	-0.0165	0.9998	-0.0108	0.9944	0.0153	-0.1043
383579500	-0.5423	0.0159	-0.2856	-0.1032	-0.0177	-0.9945	-0.0219	0.9996	-0.0155	0.9944	0.0202	-0.1035
383579625	-0.5416	0.0189	-0.2856	-0.1014	-0.0143	-0.9947	-0.0249	0.9996	-0.0119	0.9945	0.0236	-0.1017
383579750	-0.5410	0.0208	-0.2867	-0.1008	-0.0126	-0.9948	-0.0201	0.9997	-0.0107	0.9947	0.0189	-0.1010
383579875	-0.5420	0.0246	-0.2871	-0.1025	-0.0124	-0.9947	-0.0172	0.9998	-0.0107	0.9946	0.0160	-0.1027
383580000	-0.5430	0.0220	-0.2846	-0.1036	-0.0127	-0.9945	-0.0173	0.9998	-0.0109	0.9945	0.0161	-0.1038
383580125	-0.5425	0.0182	-0.2852	-0.1033	-0.0132	-0.9946	-0.0204	0.9997	-0.0111	0.9944	0.0192	-0.1035
383580250	-0.5436	0.0178	-0.2859	-0.1029	-0.0122	-0.9946	-0.0190	0.9998	-0.0103	0.9945	0.0179	-0.1031
383580375	-0.5432	0.0186	-0.2868	-0.1031	-0.0137	-0.9946	-0.0190	0.9997	-0.0118	0.9945	0.0177	-0.1033
383580500	-0.5432	0.0173	-0.2862	-0.1033	-0.0121	-0.9946	-0.0183	0.9998	-0.0102	0.9945	0.0171	-0.1035
383580625	-0.5432	0.0201	-0.2855	-0.1044	-0.0090	-0.9945	-0.0161	0.9998	-0.0073	0.9944	0.0153	-0.1045
383580750	-0.5430	0.0193	-0.2857	-0.1060	-0.0097	-0.9943	-0.0165	0.9998	-0.0080	0.9942	0.0155	-0.1061
383580875	-0.5435	0.0204	-0.2872	-0.1037	-0.0118	-0.9945	-0.0162	0.9998	-0.0102	0.9945	0.0151	-0.1038
383581000	-0.5427	0.0209	-0.2885	-0.1041	-0.0105	-0.9945	-0.0171	0.9998	-0.0087	0.9944	0.0161	-0.1043
383581125	-0.5430	0.0215	-0.2880	-0.1028	-0.0099	-0.9946	-0.0161	0.9998	-0.0082	0.9946	0.0152	-0.1030
383581250	-0.5426	0.0217	-0.2881	-0.1035	-0.0116	-0.9946	-0.0173	0.9998	-0.0099	0.9945	0.0162	-0.1037
383581375	-0.5419	0.0209	-0.2905	-0.1026	-0.0112	-0.9947	-0.0178	0.9998	-0.0095	0.9946	0.0167	-0.1028
383581500	-0.5413	0.0223	-0.2904	-0.1021	-0.0128	-0.9947	-0.0161	0.9998	-0.0112	0.9946	0.0149	-0.1023
383581625	-0.5416	0.0223	-0.2907	-0.1024	-0.0121	-0.9947	-0.0156	0.9998	-0.0106	0.9946	0.0145	-0.1025
383581750	-0.5425	0.0219	-0.2891	-0.1029	-0.0128	-0.9946	-0.0166	0.9998	-0.0112	0.9946	0.0153	-0.1031
383581875	-0.5421	0.0220	-0.2898	-0.1030	-0.0115	-0.9946	-0.0164	0.9998	-0.0098	0.9945	0.0153	-0.1032
383582000	-0.5414	0.0223	-0.2901	-0.1020	-0.0122	-0.9947	-0.0167	0.9998	-0.0105	0.9946	0.0155	-0.1021
383582125	-0.5413	0.0241	-0.2909	-0.1025	-0.0125	-0.9946	-0.0151	0.9998	-0.0110	0.9946	0.0139	-0.1027
383582250	-0.5412	0.0238	-0.2910	-0.1027	-0.0124	-0.9946	-0.0165	0.9998	-0.0108	0.9946	0.0153	-0.1028
383582375	-0.5420	0.0202	-0.2888	-0.1016	-0.0150	-0.9947	-0.0178	0.9998	-0.0132	0.9947	0.0164	-0.1018
383582500	-0.5419	0.0224	-0.2897	-0.1024	-0.0133	-0.9947	-0.0153	0.9998	-0.0118	0.9946	0.0140	-0.1026
383582625	-0.5418	0.0208	-0.2904	-0.1022	-0.0146	-0.9947	-0.0173	0.9998	-0.0128	0.9946	0.0159	-0.1024
383582750	-0.5421	0.0218	-0.2902	-0.1018	-0.0153	-0.9947	-0.0160	0.9998	-0.0137	0.9947	0.0145	-0.1020
383582875	-0.5421	0.0217	-0.2898	-0.1026	-0.0148	-0.9946	-0.0164	0.9998	-0.0132	0.9946	0.0149	-0.1029
383583000	-0.5417	0.0232	-0.2904	-0.1020	-0.0145	-0.9947	-0.0154	0.9998	-0.0130	0.9947	0.0140	-0.1023
383583125	-0.5407	0.0231	-0.2914	-0.1017	-0.0140	-0.9947	-0.0176	0.9998	-0.0123	0.9947	0.0162	-0.1019
383583250	-0.5416	0.0216	-0.2894	-0.1019	-0.0136	-0.9947	-0.0159	0.9998	-0.0121	0.9947	0.0146	-0.1021
383583375	-0.5414	0.0199	-0.2879	-0.1020	-0.0133	-0.9947	-0.0156	0.9998	-0.0118	0.9947	0.0144	-0.1022
383583500	-0.5415	0.0205	-0.2899	-0.1022	-0.0127	-0.9947	-0.0156	0.9998	-0.0112	0.9946	0.0144	-0.1024
383583625	-0.5414	0.0208	-0.2903	-0.1018	-0.0134	-0.9947	-0.0165	0.9998	-0.0118	0.9947	0.0152	-0.1020
383583750	-0.5417	0.0199	-0.2892	-0.1023	-0.0138	-0.9947	-0.0167	0.9998	-0.0122	0.9946	0.0154	-0.1025
383583875	-0.5410	0.0230	-0.2900	-0.1015	-0.0144	-0.9947	-0.0163	0.9998	-0.0129	0.9947	0.0149	-0.1018
383584000	-0.5405	0.0242	-0.2910	-0.1013	-0.0148	-0.9947	-0.0161	0.9998	-0.0133	0.9947	0.0147	-0.1016
383584125	-0.5405	0.0238	-0.2914	-0.1012	-0.0143	-0.9948	-0.0164	0.9998	-0.0127	0.9947	0.0150	-0.1014
383584250	-0.5422	0.0210	-0.2879	-0.1018	-0.0111	-0.9947	-0.0161	0.9998	-0.0095	0.9947	0.0150	-0.1020
383584375	-0.5421	0.0205	-0.2872	-0.1024	-0.0098	-0.9947	-0.0152	0.9998	-0.0083	0.9946	0.0143	-0.1025
383584500	-0.5423	0.0194	-0.2881	-0.1018	-0.0102	-0.9948	-0.0171	0.9998	-0.0085	0.9947	0.0162	-0.1020
383584625	-0.5424	0.0195	-0.2890	-0.1030	-0.0117	-0.9946	-0.0166	0.9998	-0.0100	0.9945	0.0155	-0.1031
383584750	-0.5419	0.0203	-0.2892	-0.1018	-0.0122	-0.9947	-0.0175	0.9998	-0.0105	0.9947	0.0163	-0.1020
383584875	-0.5409	0.0218	-0.2899	-0.1027	-0.0126	-0.9946	-0.0171	0.9998	-0.0109	0.9946	0.0159	-0.1029
383585000	-0.5414	0.0221	-0.2892	-0.1025	-0.0133	-0.9946	-0.0163	0.9998	-0.0117	0.9946	0.0150	-0.1027
383585125	-0.5409	0.0215	-0.2902	-0.1023	-0.0131	-0.9947	-0.0174	0.9998	-0.0114	0.9946	0.0161	-0.1025
383585250	-0.5424	0.0185	-0.2894	-0.1025	-0.0131	-0.9947	-0.0171	0.9998	-0.0114	0.9946	0.0159	-0.1027
383585375	-0.5415	0.0186	-0.2898	-0.1026	-0.0136	-0.9946	-0.0179	0.9998	-0.0119	0.9946	0.0166	-0.1028
383585500	-0.5415	0.0205	-0.2894	-0.1025	-0.0109	-0.9947	-0.0163	0.9998	-0.0093	0.9946	0.0152	-0.1026
383585625	-0.5415	0.0211	-0.2900	-0.1026	-0.0124	-0.9946	-0.0160	0.9998	-0.0108	0.9946	0.0148	-0.1027
383585750	-0.5416	0.0208	-0.2900	-0.1025	-0.0132	-0.9946	-0.0172	0.9998	-0.0115	0.9946	0.0159	-0.1027
383585875	-0.5414	0.0206	-0.2911	-0.1026	-0.0143	-0.9946	-0.0172	0.9998	-0.0126	0.9946	0.0159	-0.1029
383586000	-0.5414	0.0218	-0.2904	-0.1028	-0.0149	-0.9946	-0.0181	0.9998	-0.0131	0.9945	0.0166	-0.1031
383586125	-0.5416	0.0212	-0.2908	-0.1019	-0.0158	-0.9947	-0.0191	0.9997	-0.0139	0.9946	0.0176	-0.1022
383586250	-0.5418	0.0198	-0.2914	-0.1023	-0.0119	-0.9947	-0.0189	0.9998	-0.0101	0.9946	0.0177	-0.1026
383586375	-0.5425	0.0173	-0.2893	-0.1024	-0.0130	-0.9947	-0.0170	0.9998	-0.0113	0.9946	0.0157	-0.1026
383586500	-0.5419	0.0163	-0.2899	-0.1029	-0.0148	-0.9946	-0.0177	0.9998	-0.0131	0.9945	0.0163	-0.1031
383586625	-0.5419	0.0209	-0.2899	-0.1037	-0.0119	-0.9945	-0.0152	0.9998	-0.0104	0.9945	0.0140	-0.1038
383586750	-0.5419	0.0197	-0.2887	-0.1022	-0.0129	-0.9947	-0.0167	0.9998	-0.0112	0.9946	0.0155	-0.1024
383586875	-0.5416	0.0194	-0.2904	-0.1028	-0.0126	-0.9946	-0.0179	0.9998	-0.0109	0.9945	0.0167	-0.1030
383587000	-0.5411	0.0217	-0.2904	-0.1028	-0.0130	-0.9946	-0.0160	0.9998	-0.0114	0.9946	0.0147	-0.1030
383587125	-0.5411	0.0214	-0.2911	-0.1028	-0.0126	-0.9946	-0.0157	0.9998	-0.0110	0.9946	0.0145	-0.1030
383587250	-0.5405	0.0214	-0.2906	-0.1027	-0.0130	-0.9946	-0.0172	0.9998	-0.0112	0.9946	0.0159	-0.1029
383587375	-0.5411	0.0203	-0.2910	-0.1019	-0.0149	-0.9947	-0.0174	0.9998	-0.0131	0.9946	0.0160	-0.1022
383587500	-0.5413	0.0213	-0.2901	-0.1026	-0.0125	-0.9946	-0.0170	0.9998	-0.0108	0.9946	0.0158	-0.1028
383587625	-0.5412	0.0202	-0.2898	-0.1030	-0.0132	-0.9946	-0.0159	0.9998	-0.0116	0.9946	0.0146	-0.1032
383587750	-0.5409	0.0189	-0.2897	-0.1030	-0.0125	-0.9946	-0.0181	0.9998	-0.0107	0.9945	0.0170	-0.1032
383587875	-0.5410	0.0175	-0.2904	-0.1028	-0.0124	-0.9946	-0.0190	0.9998	-0.0105	0.9945	0.0179	-0.1030
383588000	-0.5411	0.0205	-0.2908	-0.1027	-0.0130	-0.9946	-0.0168	0.9998	-0.0113	0.9946	0.0155	-0.1029
383588125	-0.5406	0.0205	-0.2908	-0.1025	-0.0123	-0.9947	-0.0162	0.9998	-0.0107	0.9946	0.0150	-0.1027
383588250	-0.5408	0.0215	-0.2910	-0.1021	-0.0137	-0.9947	-0.0160	0.9998	-0.0122	0.9946	0.0147	-0.1023
383588375	-0.5418	0.0224	-0.2900	-0.1031	-0.0135	-0.9946	-0.0159	0.9998	-0.0119	0.9945	0.0146	-0.1033
383588500	-0.5415	0.0216	-0.2903	-0.1021	-0.0147	-0.9947	-0.0152	0.9998	-0.0133	0.9947	0.0138	-0.1023
383588625	-0.5418	0.0217	-0.2906	-0.1023	-0.0134	-0.9947	-0.0166	0.9998	-0.0117	0.9946	0.0153	-0.1025
383588750	-0.5415	0.0201	-0.2920	-0.1021	-0.0135	-0.9947	-0.0164	0.9998	-0.0119	0.9946	0.0151	-0.1023
383588875	-0.5417	0.0211	-0.2899	-0.1019	-0.0149	-0.9947	-0.0169	0.9998	-0.0132	0.9947	0.0154	-0.1021
383589000	-0.5414	0.0214	-0.2913	-0.1024	-0.0146	-0.9946	-0.0167	0.9998	-0.0130	0.9946	0.0153	-0.1027
383589125	-0.5415	0.0213	-0.2898	-0.1025	-0.0148	-0.9946	-0.0177	0.9998	-0.0130	0.9946	0.0163	-0.1027
383589250	-0.5414	0.0220	-0.2907	-0.1021	-0.0155	-0.9947	-0.0168	0.9998	-0.0139	0.9946	0.0153	-0.1023
383589375	-0.5420	0.0212	-0.2896	-0.1023	-0.0127	-0.9947	-0.0161	0.9998	-0.0111	0.9946	0.0149	-0.1025
383589500	-0.5423	0.0184	-0.2894	-0.1020	-0.0142	-0.9947	-0.0174	0.9998	-0.0125	0.9946	0.0161	-0.1022
383589625	-0.5421	0.0183	-0.2882	-0.1029	-0.0143	-0.9946	-0.0172	0.9998	-0.0126	0.9945	0.0158	-0.1031
383589750	-0.5425	0.0189	-0.2882	-0.1027	-0.0144	-0.9946	-0.0169	0.9998	-0.0128	0.9946	0.0155	-0.1029
383589875	-0.5422	0.0200	-0.2890	-0.1022	-0.0147	-0.9947	-0.0168	0.9998	-0.0130	0.9946	0.0154	-0.1025
383590000	-0.5421	0.0185	-0.2888	-0.1025	-0.0144	-0.9946	-0.0179	0.9998	-0.0127	0.9946	0.0166	-0.1027
383590125	-0.5424	0.0203	-0.2879	-0.1023	-0.0136	-0.9947	-0.0170	0.9998	-0.0119	0.9946	0.0157	-0.1025
383590250	-0.5416	0.0200	-0.2891	-0.1024	-0.0130	-0.9947	-0.0169	0.9998	-0.0113	0.9946	0.0157	-0.1026
383590375	-0.5418	0.0182	-0.2882	-0.1023	-0.0127	-0.9947	-0.0174	0.9998	-0.0109	0.9946	0.0162	-0.1025
383590500	-0.5420	0.0187	-0.2865	-0.1021	-0.0137	-0.9947	-0.0163	0.9998	-0.0121	0.9946	0.0150	-0.1023
383590625	-0.5414	0.0189	-0.2876	-0.1024	-0.0128	-0.9947	-0.0165	0.9998	-0.0112	0.9946	0.0153	-0.1025
383590750	-0.5416	0.0180	-0.2860	-0.1024	-0.0129	-0.9947	-0.0172	0.9998	-0.0111	0.9946	0.0159	-0.1026
383590875	-0.5412	0.0184	-0.2864	-0.1022	-0.0139	-0.9947	-0.0172	0.9998	-0.0122	0.9946	0.0159	-0.1024
383591000	-0.5411	0.0205	-0.2866	-0.1021	-0.0112	-0.9947	-0.0165	0.9998	-0.0095	0.9946	0.0154	-0.1023
383591125	-0.5408	0.0207	-0.2862	-0.1023	-0.0108	-0.9947	-0.0158	0.9998	-0.0092	0.9946	0.0148	-0.1025
383591250	-0.5408	0.0211	-0.2857	-0.1027	-0.0089	-0.9947	-0.0150	0.9999	-0.0074	0.9946	0.0141	-0.1028
383591375	-0.5417	0.0189	-0.2844	-0.1032	-0.0105	-0.9946	-0.0151	0.9998	-0.0090	0.9946	0.0140	-0.1033
383591500	-0.5418	0.0186	-0.2880	-0.1028	-0.0121	-0.9946	-0.0148	0.9998	-0.0107	0.9946	0.0136	-0.1029
383591625	-0.5417	0.0168	-0.2872	-0.1034	-0.0127	-0.9946	-0.0165	0.9998	-0.0110	0.9945	0.0153	-0.1035
383591750	-0.5417	0.0176	-0.2857	-0.1031	-0.0123	-0.9946	-0.0158	0.9998	-0.0108	0.9945	0.0146	-0.1033
383591875	-0.5415	0.0166	-0.2863	-0.1033	-0.0123	-0.9946	-0.0156	0.9998	-0.0108	0.9945	0.0144	-0.1035
383592000	-0.5414	0.0159	-0.2848	-0.1029	-0.0098	-0.9946	-0.0161	0.9998	-0.0082	0.9946	0.0152	-0.1031
383592125	-0.5413	0.0159	-0.2850	-0.1029	-0.0101	-0.9946	-0.0159	0.9998	-0.0085	0.9946	0.0150	-0.1031
383592250	-0.5413	0.0166	-0.2844	-0.1032	-0.0112	-0.9946	-0.0146	0.9998	-0.0097	0.9946	0.0135	-0.1033
383592375	-0.5406	0.0156	-0.2845	-0.1028	-0.0091	-0.9947	-0.0150	0.9999	-0.0076	0.9946	0.0142	-0.1029
383592500	-0.5405	0.0145	-0.2858	-0.1028	-0.0107	-0.9946	-0.0165	0.9998	-0.0090	0.9946	0.0155	-0.1030
383592625	-0.5407	0.0157	-0.2848	-0.1036	-0.0105	-0.9946	-0.0158	0.9998	-0.0089	0.9945	0.0148	-0.1038
383592750	-0.5410	0.0166	-0.2875	-0.1024	-0.0110	-0.9947	-0.0160	0.9998	-0.0094	0.9946	0.0150	-0.1026
383592875	-0.5408	0.0150	-0.2871	-0.1026	-0.0118	-0.9947	-0.0166	0.9998	-0.0102	0.9946	0.0155	-0.1028
383593000	-0.5412	0.0160	-0.2870	-0.1029	-0.0121	-0.9946	-0.0162	0.9998	-0.0105	0.9946	0.0151	-0.1031
383593125	-0.5409	0.0175	-0.2862	-0.1029	-0.0115	-0.9946	-0.0156	0.9998	-0.0099	0.9946	0.0145	-0.1031
383593250	-0.5412	0.0161	-0.2870	-0.1028	-0.0111	-0.9946	-0.0158	0.9998	-0.0095	0.9946	0.0147	-0.1030
383593375	-0.5419	0.0175	-0.2893	-0.1033	-0.0132	-0.9946	-0.0158	0.9998	-0.0116	0.9945	0.0145	-0.1035
383593500	-0.5417	0.0180	-0.2888	-0.1028	-0.0117	-0.9946	-0.0173	0.9998	-0.0100	0.9946	0.0162	-0.1030
383593625	-0.5418	0.0180	-0.2896	-0.1036	-0.0127	-0.9945	-0.0165	0.9998	-0.0111	0.9945	0.0153	-0.1038
383593750	-0.5417	0.0201	-0.2904	-0.1033	-0.0129	-0.9946	-0.0152	0.9998	-0.0114	0.9945	0.0140	-0.1035
383593875	-0.5416	0.0212	-0.2891	-0.1033	-0.0129	-0.9946	-0.0153	0.9998	-0.0114	0.9945	0.0140	-0.1035
383594000	-0.5414	0.0187	-0.2891	-0.1027	-0.0129	-0.9946	-0.0160	0.9998	-0.0113	0.9946	0.0147	-0.1029
383594125	-0.5416	0.0199	-0.2895	-0.1025	-0.0122	-0.9947	-0.0156	0.9998	-0.0107	0.9946	0.0144	-0.1027
383594250	-0.5416	0.0205	-0.2902	-0.1029	-0.0131	-0.9946	-0.0160	0.9998	-0.0115	0.9946	0.0147	-0.1031
383594375	-0.5420	0.0203	-0.2885	-0.1029	-0.0138	-0.9946	-0.0166	0.9998	-0.0122	0.9946	0.0153	-0.1031
383594500	-0.5417	0.0211	-0.2897	-0.1029	-0.0135	-0.9946	-0.0167	0.9998	-0.0118	0.9946	0.0154	-0.1031
383594625	-0.5420	0.0202	-0.2883	-0.1031	-0.0155	-0.9946	-0.0176	0.9998	-0.0137	0.9945	0.0161	-0.1033
383594750	-0.5419	0.0203	-0.2898	-0.1031	-0.0119	-0.9946	-0.0170	0.9998	-0.0102	0.9945	0.0158	-0.1033
383594875	-0.5416	0.0208	-0.2896	-0.1031	-0.0127	-0.9946	-0.0161	0.9998	-0.0110	0.9945	0.0149	-0.1032
383595000	-0.5418	0.0201	-0.2883	-0.1035	-0.0125	-0.9946	-0.0166	0.9998	-0.0108	0.9945	0.0153	-0.1037
383595125	-0.5414	0.0207	-0.2891	-0.1028	-0.0136	-0.9946	-0.0174	0.9998	-0.0119	0.9945	0.0161	-0.1030
383595250	-0.5413	0.0218	-0.2897	-0.1027	-0.0136	-0.9946	-0.0170	0.9998	-0.0119	0.9946	0.0157	-0.1029
383595375	-0.5419	0.0176	-0.2895	-0.1027	-0.0139	-0.9946	-0.0177	0.9998	-0.0121	0.9946	0.0163	-0.1029
383595500	-0.5417	0.0169	-0.2889	-0.1029	-0.0143	-0.9946	-0.0164	0.9998	-0.0127	0.9946	0.0150	-0.1032
383595625	-0.5416	0.0181	-0.2891	-0.1031	-0.0145	-0.9946	-0.0165	0.9998	-0.0129	0.9945	0.0151	-0.1033
383595750	-0.5415	0.0176	-0.2896	-0.1032	-0.0134	-0.9946	-0.0173	0.9998	-0.0117	0.9945	0.0160	-0.1034
383595875	-0.5417	0.0176	-0.2887	-0.1029	-0.0132	-0.9946	-0.0170	0.9998	-0.0115	0.9945	0.0158	-0.1031
383596000	-0.5410	0.0184	-0.2893	-0.1030	-0.0125	-0.9946	-0.0169	0.9998	-0.0108	0.9945	0.0157	-0.1032
383596125	-0.5408	0.0181	-0.2880	-0.1030	-0.0120	-0.9946	-0.0173	0.9998	-0.0103	0.9945	0.0162	-0.1032
383596250	-0.5410	0.0185	-0.2890	-0.1021	-0.0142	-0.9947	-0.0171	0.9998	-0.0125	0.9946	0.0157	-0.1023
383596375	-0.5409	0.0196	-0.2899	-0.1022	-0.0132	-0.9947	-0.0164	0.9998	-0.0116	0.9946	0.0152	-0.1024
383596500	-0.5412	0.0167	-0.2904	-0.1031	-0.0126	-0.9946	-0.0173	0.9998	-0.0108	0.9945	0.0161	-0.1033
383596625	-0.5411	0.0153	-0.2894	-0.1029	-0.0124	-0.9946	-0.0180	0.9998	-0.0106	0.9945	0.0168	-0.1031
383596750	-0.5411	0.0163	-0.2901	-0.1028	-0.0106	-0.9946	-0.0174	0.9998	-0.0088	0.9946	0.0164	-0.1029
383596875	-0.5408	0.0157	-0.2899	-0.1032	-0.0122	-0.9946	-0.0175	0.9998	-0.0105	0.9945	0.0164	-0.1034
383597000	-0.5408	0.0162	-0.2898	-0.1027	-0.0117	-0.9946	-0.0186	0.9998	-0.0098	0.9945	0.0175	-0.1029
383597125	-0.5403	0.0175	-0.2904	-0.1031	-0.0130	-0.9946	-0.0182	0.9998	-0.0112	0.9945	0.0169	-0.1033
383597250	-0.5407	0.0172	-0.2885	-0.1033	-0.0128	-0.9946	-0.0168	0.9998	-0.0111	0.9945	0.0155	-0.1035
383597375	-0.5409	0.0160	-0.2920	-0.1032	-0.0134	-0.9946	-0.0164	0.9998	-0.0117	0.9945	0.0151	-0.1034
383597500	-0.5410	0.0149	-0.2909	-0.1036	-0.0127	-0.9945	-0.0178	0.9998	-0.0109	0.9945	0.0166	-0.1038
383597625	-0.5438	0.0253	-0.2916	-0.1046	-0.0117	-0.9944	-0.0213	0.9997	-0.0095	0.9943	0.0202	-0.1048
383597750	-0.5537	0.0626	-0.2941	-0.1019	-0.0144	-0.9947	-0.0411	0.9991	-0.0103	0.9939	0.0398	-0.1024
383597875	-0.5520	0.0996	-0.3065	-0.0995	-0.0210	-0.9948	-0.0764	0.9970	-0.0135	0.9921	0.0746	-0.1008
383598000	-0.5510	0.1510	-0.3212	-0.0898	-0.0314	-0.9955	-0.1157	0.9931	-0.0208	0.9892	0.1133	-0.0928
383598125	-0.5528	0.2159	-0.3347	-0.0752	-0.0441	-0.9962	-0.1489	0.9883	-0.0325	0.9860	0.1459	-0.0808
383598250	-0.5533	0.2873	-0.3404	-0.0534	-0.0658	-0.9964	-0.1726	0.9834	-0.0557	0.9835	0.1690	-0.0639
383598375	-0.5513	0.3687	-0.3567	-0.0203	-0.0787	-0.9967	-0.1860	0.9798	-0.0736	0.9823	0.1839	-0.0345
383598500	-0.5496	0.4493	-0.3701	0.0155	-0.0792	-0.9967	-0.1902	0.9784	-0.0807	0.9816	0.1908	0.0001
383598625	-0.5484	0.5356	-0.3901	0.0581	-0.0699	-0.9959	-0.1736	0.9816	-0.0791	0.9831	0.1775	0.0449
383598750	-0.5444	0.5919	-0.4084	0.1139	-0.0676	-0.9912	-0.1590	0.9836	-0.0854	0.9807	0.1673	0.1013
383598875	-0.5335	0.6275	-0.4044	0.1665	-0.0512	-0.9847	-0.1556	0.9848	-0.0775	0.9737	0.1661	0.1560
383599000	-0.5175	0.6608	-0.4027	0.2305	-0.0369	-0.9724	-0.1395	0.9877	-0.0706	0.9630	0.1519	0.2225
383599125	-0.5035	0.7010	-0.3994	0.2912	-0.0353	-0.9560	-0.1144	0.9909	-0.0714	0.9498	0.1302	0.2845
383599250	-0.4873	0.7419	-0.4040	0.3612	-0.0293	-0.9320	-0.0946	0.9932	-0.0679	0.9277	0.1127	0.3559
383599375	-0.4752	0.7862	-0.4367	0.4329	-0.0149	-0.9013	-0.0738	0.9959	-0.0519	0.8984	0.0890	0.4300
383599500	-0.4517	0.8121	-0.4765	0.5126	-0.0066	-0.8586	-0.0638	0.9969	-0.0457	0.8563	0.0782	0.5106
383599625	-0.4328	0.8423	-0.5126	0.5826	0.0024	-0.8127	-0.0512	0.9981	-0.0337	0.8111	0.0613	0.5816
383599750	-0.4051	0.8698	-0.5594	0.6519	0.0230	-0.7580	-0.0464	0.9989	-0.0096	0.7569	0.0415	0.6522
383599875	-0.3748	0.9016	-0.6051	0.7195	0.0448	-0.6931	-0.0437	0.9989	0.0193	0.6931	0.0164	0.7206
383600000	-0.3388	0.9343	-0.6588	0.7818	0.0645	-0.6202	-0.0508	0.9979	0.0396	0.6215	0.0005	0.7834
383600125	-0.2957	0.9698	-0.7184	0.8423	0.0688	-0.5346	-0.0478	0.9974	0.0532	0.5369	-0.0193	0.8434
383600250	-0.2559	0.9945	-0.7736	0.8865	0.0828	-0.4552	-0.0590	0.9961	0.0663	0.4589	-0.0319	0.8879
383600375	-0.2096	1.0332	-0.8372	0.9239	0.0895	-0.3719	-0.0668	0.9950	0.0736	0.3766	-0.0431	0.9254
383600500	-0.1572	1.0617	-0.9047	0.9536	0.0881	-0.2878	-0.0714	0.9951	0.0681	0.2924	-0.0443	0.9553
383600625	-0.1083	1.0941	-0.9683	0.9731	0.0778	-0.2166	-0.0662	0.9960	0.0603	0.2204	-0.0444	0.9744
383600750	-0.0589	1.1350	-1.0340	0.9871	0.0708	-0.1439	-0.0623	0.9961	0.0628	0.1478	-0.0530	0.9876
383600875	-0.0059	1.1826	-1.1127	0.9958	0.0600	-0.0690	-0.0553	0.9961	0.0683	0.0728	-0.0642	0.9953
383601000	0.0316	1.2178	-1.1743	0.9980	0.0595	-0.0229	-0.0580	0.9964	0.0622	0.0265	-0.0607	0.9978
383601125	0.0623	1.2534	-1.2389	0.9985	0.0531	0.0156	-0.0538	0.9971	0.0546	-0.0126	-0.0554	0.9984
383601250	0.0779	1.2790	-1.2970	0.9982	0.0412	0.0438	-0.0434	0.9979	0.0488	-0.0417	-0.0506	0.9979
383601375	0.0846	1.2989	-1.3645	0.9973	0.0254	0.0686	-0.0285	0.9986	0.0439	-0.0674	-0.0457	0.9967
383601500	0.0881	1.3120	-1.4320	0.9960	0.0128	0.0889	-0.0173	0.9986	0.0500	-0.0881	-0.0513	0.9948
383601625	0.0881	1.3355	-1.4931	0.9936	0.0116	0.1127	-0.0180	0.9983	0.0559	-0.1119	-0.0576	0.9921
383601750	0.0911	1.3656	-1.5424	0.9911	0.0211	0.1316	-0.0300	0.9974	0.0661	-0.1299	-0.0695	0.9891
383601875	0.1021	1.3896	-1.5880	0.9891	0.0284	0.1446	-0.0398	0.9962	0.0771	-0.1418	-0.0820	0.9865
383602000	0.1153	1.4000	-1.6340	0.9875	0.0301	0.1544	-0.0449	0.9946	0.0932	-0.1508	-0.0990	0.9836
383602125	0.1402	1.4106	-1.6876	0.9866	0.0250	0.1611	-0.0436	0.9926	0.1133	-0.1571	-0.1189	0.9804
383602250	0.1739	1.4165	-1.7465	0.9861	0.0175	0.1653	-0.0395	0.9906	0.1309	-0.1614	-0.1356	0.9775
383602375	0.2142	1.4151	-1.8124	0.9846	0.0256	0.1731	-0.0496	0.9895	0.1357	-0.1678	-0.1422	0.9755
383602500	0.2429	1.4174	-1.8731	0.9851	0.0217	0.1707	-0.0464	0.9888	0.1421	-0.1657	-0.1479	0.9750
383602625	0.2683	1.4150	-1.9245	0.9846	0.0258	0.1728	-0.0500	0.9893	0.1373	-0.1674	-0.1438	0.9753
383602750	0.2770	1.4090	-1.9646	0.9862	0.0194	0.1641	-0.0422	0.9898	0.1364	-0.1598	-0.1414	0.9770
383602875	0.2815	1.4068	-1.9929	0.9872	0.0147	0.1585	-0.0360	0.9905	0.1328	-0.1551	-0.1369	0.9784
383603000	0.2828	1.4082	-2.0233	0.9879	0.0170	0.1542	-0.0373	0.9909	0.1296	-0.1506	-0.1338	0.9795
383603125	0.2803	1.4044	-2.0537	0.9880	0.0211	0.1529	-0.0407	0.9911	0.1265	-0.1489	-0.1312	0.9801
383603250	0.2778	1.4040	-2.0846	0.9874	0.0252	0.1563	-0.0446	0.9915	0.1220	-0.1519	-0.1274	0.9801
383603375	0.2723	1.4036	-2.1186	0.9856	0.0351	0.1655	-0.0550	0.9916	0.1168	-0.1601	-0.1242	0.9793
383603500	0.2696	1.4097	-2.1520	0.9829	0.0457	0.1784	-0.0679	0.9904	0.1205	-0.1712	-0.1306	0.9766
383603625	0.2710	1.4198	-2.1840	0.9808	0.0451	0.1897	-0.0693	0.9900	0.1229	-0.1823	-0.1337	0.9741
383603750	0.2760	1.4314	-2.2171	0.9788	0.0425	0.2005	-0.0681	0.9901	0.1224	-0.1933	-0.1335	0.9720
383603875	0.2943	1.4425	-2.2473	0.9763	0.0384	0.2128	-0.0665	0.9898	0.1264	-0.2058	-0.1375	0.9689
383604000	0.3095	1.4475	-2.2693	0.9754	0.0357	0.2176	-0.0637	0.9903	0.1231	-0.2111	-0.1340	0.9682
383604125	0.3213	1.4507	-2.2921	0.9761	0.0253	0.2156	-0.0521	0.9914	0.1198	-0.2108	-0.1281	0.9691
383604250	0.3298	1.4540	-2.3080	0.9769	0.0150	0.2130	-0.0405	0.9924	0.1161	-0.2096	-0.1220	0.9701
383604375	0.3355	1.4495	-2.3241	0.9779	0.0127	0.2087	-0.0365	0.9932	0.1103	-0.2059	-0.1155	0.9717
383604500	0.3352	1.4475	-2.3358	0.9786	0.0210	0.2047	-0.0417	0.9944	0.0974	-0.2015	-0.1038	0.9740
383604625	0.3325	1.4397	-2.3452	0.9791	0.0317	0.2010	-0.0498	0.9951	0.0858	-0.1973	-0.0940	0.9758
383604750	0.3313	1.4384	-2.3520	0.9794	0.0351	0.1988	-0.0507	0.9959	0.0743	-0.1954	-0.0828	0.9772
383604875	0.3300	1.4342	-2.3581	0.9798	0.0380	0.1966	-0.0518	0.9965	0.0654	-0.1934	-0.0743	0.9783
383605000	0.3292	1.4297	-2.3603	0.9804	0.0356	0.1936	-0.0478	0.9971	0.0588	-0.1910	-0.0669	0.9793
383605125	0.3299	1.4261	-2.3642	0.9803	0.0317	0.1947	-0.0434	0.9975	0.0564	-0.1924	-0.0638	0.9792
383605250	0.3292	1.4244	-2.3686	0.9805	0.0321	0.1937	-0.0432	0.9976	0.0537	-0.1916	-0.0610	0.9796
383605375	0.3288	1.4247	-2.3765	0.9805	0.0339	0.1937	-0.0455	0.9974	0.0556	-0.1913	-0.0633	0.9795
383605500	0.3304	1.4271	-2.3869	0.9802	0.0372	0.1943	-0.0490	0.9972	0.0559	-0.1917	-0.0643	0.9793
383605625	0.3317	1.4266	-2.3987	0.9801	0.0376	0.1950	-0.0497	0.9971	0.0577	-0.1923	-0.0662	0.9791
383605750	0.3334	1.4252	-2.4081	0.9795	0.0348	0.1984	-0.0474	0.9971	0.0595	-0.1958	-0.0677	0.9783
383605875	0.3363	1.4233	-2.4189	0.9790	0.0304	0.2014	-0.0434	0.9972	0.0603	-0.1990	-0.0678	0.9777
383606000	0.3379	1.4195	-2.4296	0.9792	0.0282	0.2008	-0.0407	0.9975	0.0583	-0.1986	-0.0652	0.9779
383606125	0.3412	1.4161	-2.4367	0.9790	0.0250	0.2025	-0.0370	0.9978	0.0558	-0.2006	-0.0622	0.9777
383606250	0.3430	1.4136	-2.4393	0.9790	0.0290	0.2018	-0.0398	0.9980	0.0498	-0.1999	-0.0568	0.9782
383606375	0.3442	1.4147	-2.4452	0.9790	0.0329	0.2013	-0.0436	0.9979	0.0488	-0.1993	-0.0565	0.9783
383606500	0.3441	1.4156	-2.4491	0.9792	0.0329	0.2003	-0.0437	0.9978	0.0494	-0.1983	-0.0571	0.9785
383606625	0.3440	1.4153	-2.4517	0.9791	0.0308	0.2009	-0.0419	0.9978	0.0513	-0.1989	-0.0587	0.9783
383606750	0.3428	1.4230	-2.4618	0.9796	0.0421	0.1965	-0.0537	0.9971	0.0541	-0.1937	-0.0636	0.9790
383606875	0.3437	1.4272	-2.4662	0.9798	0.0431	0.1952	-0.0546	0.9970	0.0541	-0.1923	-0.0637	0.9793
383607000	0.3438	1.4268	-2.4699	0.9799	0.0436	0.1948	-0.0549	0.9971	0.0528	-0.1919	-0.0624	0.9794
383607125	0.3455	1.4249	-2.4720	0.9799	0.0429	0.1949	-0.0534	0.9973	0.0494	-0.1922	-0.0588	0.9796
383607250	0.3460	1.4222	-2.4744	0.9802	0.0449	0.1928	-0.0552	0.9973	0.0485	-0.1901	-0.0582	0.9800
383607375	0.3469	1.4215	-2.4753	0.9800	0.0465	0.1935	-0.0564	0.9974	0.0455	-0.1909	-0.0555	0.9800
383607500	0.3477	1.4217	-2.4777	0.9799	0.0501	0.1930	-0.0598	0.9972	0.0451	-0.1902	-0.0558	0.9802
383607625	0.3475	1.4198	-2.4781	0.9799	0.0496	0.1933	-0.0589	0.9973	0.0430	-0.1906	-0.0535	0.9802
383607750	0.3463	1.4212	-2.4814	0.9799	0.0493	0.1935	-0.0580	0.9975	0.0394	-0.1911	-0.0498	0.9803
383607875	0.3460	1.4203	-2.4796	0.9796	0.0488	0.1951	-0.0573	0.9976	0.0383	-0.1928	-0.0487	0.9800
383608000	0.3457	1.4214	-2.4791	0.9798	0.0484	0.1941	-0.0570	0.9976	0.0386	-0.1918	-0.0489	0.9802
383608125	0.3464	1.4215	-2.4792	0.9795	0.0486	0.1957	-0.0569	0.9977	0.0367	-0.1935	-0.0471	0.9800
383608250	0.3462	1.4210	-2.4790	0.9792	0.0500	0.1966	-0.0585	0.9976	0.0376	-0.1943	-0.0483	0.9798
383608375	0.3470	1.4198	-2.4778	0.9794	0.0509	0.1952	-0.0589	0.9976	0.0356	-0.1929	-0.0463	0.9801
383608500	0.3472	1.4177	-2.4758	0.9796	0.0504	0.1946	-0.0583	0.9977	0.0349	-0.1924	-0.0455	0.9803
383608625	0.3476	1.4191	-2.4755	0.9798	0.0503	0.1936	-0.0584	0.9976	0.0362	-0.1913	-0.0468	0.9804
383608750	0.3488	1.4199	-2.4732	0.9797	0.0497	0.1940	-0.0579	0.9977	0.0364	-0.1917	-0.0469	0.9803
383608875	0.3488	1.4217	-2.4729	0.9802	0.0485	0.1922	-0.0566	0.9977	0.0367	-0.1900	-0.0468	0.9807
383609000	0.3485	1.4221	-2.4705	0.9800	0.0491	0.1928	-0.0567	0.9978	0.0345	-0.1907	-0.0448	0.9806
383609125	0.3484	1.4205	-2.4684	0.9797	0.0497	0.1941	-0.0576	0.9977	0.0356	-0.1918	-0.0461	0.9803
383609250	0.3462	1.4171	-2.4643	0.9795	0.0510	0.1951	-0.0585	0.9977	0.0328	-0.1930	-0.0435	0.9802
383609375	0.3445	1.4166	-2.4589	0.9790	0.0516	0.1974	-0.0592	0.9977	0.0329	-0.1953	-0.0439	0.9798
383609500	0.3398	1.4154	-2.4464	0.9788	0.0483	0.1992	-0.0561	0.9979	0.0337	-0.1971	-0.0441	0.9794
383609625	0.3334	1.4137	-2.4301	0.9781	0.0476	0.2028	-0.0561	0.9978	0.0367	-0.2006	-0.0472	0.9785
383609750	0.3207	1.4158	-2.4109	0.9779	0.0493	0.2034	-0.0596	0.9972	0.0451	-0.2006	-0.0562	0.9781
383609875	0.3051	1.4106	-2.3868	0.9774	0.0505	0.2052	-0.0626	0.9966	0.0529	-0.2018	-0.0645	0.9773
383610000	0.2878	1.4005	-2.3558	0.9762	0.0519	0.2106	-0.0659	0.9960	0.0600	-0.2067	-0.0724	0.9757
383610125	0.2716	1.3885	-2.3198	0.9757	0.0513	0.2131	-0.0673	0.9954	0.0688	-0.2085	-0.0815	0.9746
383610250	0.2567	1.3776	-2.2860	0.9755	0.0550	0.2131	-0.0723	0.9946	0.0744	-0.2078	-0.0880	0.9742
383610375	0.2441	1.3560	-2.2448	0.9760	0.0593	0.2096	-0.0778	0.9937	0.0808	-0.2035	-0.0951	0.9745
383610500	0.2363	1.3378	-2.2008	0.9783	0.0571	0.1989	-0.0778	0.9922	0.0976	-0.1918	-0.1110	0.9751
383610625	0.2357	1.3163	-2.1571	0.9807	0.0503	0.1891	-0.0728	0.9908	0.1138	-0.1817	-0.1254	0.9753
383610750	0.2468	1.2990	-2.1098	0.9809	0.0421	0.1900	-0.0691	0.9880	0.1379	-0.1819	-0.1484	0.9720
383610875	0.2591	1.2752	-2.0509	0.9819	0.0353	0.1862	-0.0674	0.9833	0.1689	-0.1771	-0.1784	0.9679
383611000	0.2692	1.2553	-1.9991	0.9846	0.0258	0.1728	-0.0600	0.9788	0.1956	-0.1641	-0.2030	0.9653
383611125	0.2850	1.2393	-1.9461	0.9864	0.0190	0.1630	-0.0549	0.9742	0.2188	-0.1546	-0.2248	0.9621
383611250	0.2937	1.2133	-1.8919	0.9883	0.0100	0.1524	-0.0466	0.9700	0.2388	-0.1454	-0.2431	0.9590
383611375	0.2918	1.1972	-1.8484	0.9911	0.0004	0.1333	-0.0355	0.9647	0.2610	-0.1285	-0.2634	0.9561
383611500	0.2887	1.1845	-1.8057	0.9941	-0.0042	0.1084	-0.0255	0.9623	0.2706	-0.1055	-0.2718	0.9566
383611625	0.2788	1.1734	-1.7708	0.9965	-0.0005	0.0834	-0.0226	0.9609	0.2760	-0.0802	-0.2769	0.9575
383611750	0.2702	1.1654	-1.7399	0.9978	0.0060	0.0657	-0.0244	0.9588	0.2831	-0.0613	-0.2840	0.9569
383611875	0.2528	1.1514	-1.7109	0.9988	0.0221	0.0428	-0.0334	0.9577	0.2859	-0.0347	-0.2870	0.9573
383612000	0.2356	1.1402	-1.6749	0.9992	0.0296	0.0265	-0.0360	0.9569	0.2880	-0.0169	-0.2888	0.9573
383612125	0.2117	1.1191	-1.6207	0.9987	0.0495	0.0099	-0.0503	0.9563	0.2879	0.0047	-0.2881	0.9576
383612250	0.1882	1.0970	-1.5532	0.9978	0.0648	-0.0122	-0.0588	0.9582	0.2799	0.0298	-0.2786	0.9599
383612375	0.1688	1.0728	-1.4769	0.9972	0.0693	-0.0292	-0.0582	0.9573	0.2832	0.0475	-0.2807	0.9586
383612500	0.1498	1.0518	-1.3984	0.9976	0.0507	-0.0478	-0.0349	0.9576	0.2860	0.0602	-0.2837	0.9570
383612625	0.1314	1.0346	-1.3349	0.9962	0.0459	-0.0744	-0.0233	0.9598	0.2796	0.0842	-0.2768	0.9572
383612750	0.1097	1.0218	-1.2846	0.9931	0.0542	-0.1037	-0.0247	0.9634	0.2668	0.1144	-0.2624	0.9582
383612875	0.0944	1.0207	-1.2420	0.9897	0.0510	-0.1339	-0.0163	0.9685	0.2485	0.1423	-0.2437	0.9593
383613000	0.0847	1.0192	-1.2056	0.9853	0.0454	-0.1644	-0.0080	0.9752	0.2212	0.1704	-0.2167	0.9613
383613125	0.0743	1.0202	-1.1650	0.9789	0.0349	-0.2013	0.0071	0.9789	0.2043	0.2042	-0.2014	0.9580
383613250	0.0668	1.0047	-1.1211	0.9699	0.0346	-0.2412	0.0072	0.9853	0.1706	0.2436	-0.1672	0.9554
383613375	0.0675	0.9921	-1.0699	0.9587	0.0338	-0.2825	0.0095	0.9885	0.1507	0.2844	-0.1472	0.9473
383613500	0.0723	0.9685	-1.0118	0.9437	0.0315	-0.3293	0.0100	0.9923	0.1237	0.3306	-0.1201	0.9361
383613625	0.0781	0.9500	-0.9454	0.9238	0.0259	-0.3819	0.0099	0.9958	0.0915	0.3827	-0.0883	0.9196
383613750	0.0795	0.9400	-0.8791	0.8989	0.0245	-0.4375	0.0053	0.9977	0.0669	0.4382	-0.0624	0.8967
383613875	0.0745	0.9284	-0.8192	0.8657	0.0166	-0.5002	0.0019	0.9993	0.0364	0.5005	-0.0324	0.8651
383614000	0.0703	0.9219	-0.7676	0.8274	-0.0150	-0.5614	0.0161	0.9999	-0.0030	0.5614	-0.0066	0.8275
383614125	0.0534	0.9021	-0.7310	0.7840	-0.0491	-0.6188	0.0271	0.9986	-0.0449	0.6201	0.0185	0.7843
383614250	0.0388	0.8992	-0.6864	0.7433	-0.0657	-0.6657	0.0212	0.9970	-0.0747	0.6686	0.0414	0.7424
383614375	0.0269	0.8965	-0.6482	0.6970	-0.0794	-0.7126	0.0173	0.9954	-0.0940	0.7168	0.0532	0.6952
383614500	0.0167	0.8837	-0.6072	0.6459	-0.0782	-0.7594	-0.0025	0.9945	-0.1046	0.7634	0.0695	0.6421
383614625	0.0073	0.8718	-0.5602	0.5896	-0.0751	-0.8042	-0.0243	0.9936	-0.1106	0.8073	0.0847	0.5840
383614750	0.0044	0.8476	-0.5236	0.5302	-0.0488	-0.8465	-0.0586	0.9938	-0.0940	0.8459	0.0994	0.5240
383614875	0.0152	0.8336	-0.4754	0.4683	-0.0252	-0.8832	-0.0872	0.9934	-0.0746	0.8792	0.1119	0.4630
383615000	0.0357	0.8313	-0.4433	0.4138	-0.0068	-0.9104	-0.1040	0.9931	-0.0547	0.9044	0.1173	0.4102
383615125	0.0561	0.8478	-0.4010	0.3476	0.0073	-0.9376	-0.1081	0.9936	-0.0323	0.9314	0.1126	0.3462
383615250	0.0850	0.8499	-0.3767	0.2940	0.0067	-0.9558	-0.1128	0.9932	-0.0278	0.9491	0.1160	0.2928
383615375	0.1055	0.8499	-0.3428	0.2365	0.0015	-0.9716	-0.1126	0.9933	-0.0259	0.9651	0.1155	0.2351
383615500	0.1266	0.8500	-0.3120	0.1758	0.0064	-0.9844	-0.1181	0.9929	-0.0146	0.9773	0.1188	0.1753
383615625	0.1439	0.8490	-0.2947	0.1216	0.0219	-0.9923	-0.1235	0.9923	0.0068	0.9849	0.1217	0.1234
383615750	0.1582	0.8433	-0.2702	0.0682	0.0291	-0.9972	-0.1342	0.9908	0.0197	0.9886	0.1325	0.0715
383615875	0.1747	0.8421	-0.2680	0.0227	0.0310	-0.9993	-0.1445	0.9891	0.0274	0.9892	0.1437	0.0270
383616000	0.1947	0.8320	-0.2663	-0.0223	0.0220	-0.9995	-0.1602	0.9868	0.0253	0.9868	0.1607	-0.0185
383616125	0.2200	0.8232	-0.2654	-0.0636	0.0123	-0.9979	-0.1765	0.9840	0.0234	0.9822	0.1776	-0.0604
383616250	0.2514	0.8189	-0.2672	-0.1006	0.0015	-0.9949	-0.1896	0.9816	0.0207	0.9767	0.1907	-0.0985
383616375	0.2842	0.8168	-0.2669	-0.1280	-0.0038	-0.9918	-0.1961	0.9803	0.0215	0.9722	0.1972	-0.1263
383616500	0.3135	0.8164	-0.2657	-0.1481	-0.0026	-0.9890	-0.2010	0.9792	0.0276	0.9683	0.2029	-0.1456
383616625	0.3410	0.8144	-0.2586	-0.1578	0.0031	-0.9875	-0.1981	0.9796	0.0348	0.9674	0.2011	-0.1540
383616750	0.3693	0.8157	-0.2512	-0.1563	0.0105	-0.9876	-0.1856	0.9818	0.0398	0.9701	0.1895	-0.1515
383616875	0.4022	0.8181	-0.2350	-0.1460	0.0179	-0.9891	-0.1707	0.9844	0.0430	0.9744	0.1752	-0.1407
383617000	0.4485	0.8203	-0.2136	-0.1317	0.0250	-0.9910	-0.1523	0.9873	0.0451	0.9795	0.1569	-0.1262
383617125	0.5056	0.8226	-0.1862	-0.1142	0.0347	-0.9928	-0.1368	0.9893	0.0504	0.9840	0.1416	-0.1083
383617250	0.5628	0.8319	-0.1589	-0.0970	0.0465	-0.9942	-0.1216	0.9909	0.0582	0.9878	0.1266	-0.0905
383617375	0.6219	0.8408	-0.1337	-0.0819	0.0443	-0.9957	-0.1158	0.9918	0.0537	0.9899	0.1197	-0.0761
383617500	0.6766	0.8554	-0.1137	-0.0710	0.0467	-0.9964	-0.1078	0.9927	0.0542	0.9916	0.1113	-0.0654
383617625	0.7334	0.8534	-0.0955	-0.0572	0.0352	-0.9977	-0.1010	0.9940	0.0408	0.9932	0.1031	-0.0533
383617750	0.7945	0.8538	-0.0814	-0.0489	0.0293	-0.9984	-0.0912	0.9953	0.0337	0.9946	0.0927	-0.0460
383617875	0.8668	0.8502	-0.0655	-0.0388	0.0182	-0.9991	-0.0823	0.9964	0.0214	0.9958	0.0831	-0.0372
383618000	0.9488	0.8555	-0.0455	-0.0371	0.0095	-0.9993	-0.0659	0.9978	0.0120	0.9971	0.0663	-0.0363
383618125	1.0313	0.8618	-0.0301	-0.0320	0.0001	-0.9995	-0.0472	0.9989	0.0016	0.9984	0.0472	-0.0319
383618250	1.1077	0.8817	-0.0063	-0.0309	-0.0113	-0.9995	-0.0280	0.9996	-0.0104	0.9991	0.0276	-0.0312
383618375	1.1771	0.9033	0.0042	-0.0309	-0.0224	-0.9993	-0.0184	0.9996	-0.0218	0.9994	0.0177	-0.0313
383618500	1.2374	0.9128	0.0173	-0.0353	-0.0201	-0.9992	-0.0093	0.9998	-0.0198	0.9993	0.0086	-0.0354
383618625	1.2947	0.9116	0.0351	-0.0357	-0.0206	-0.9992	-0.0139	0.9997	-0.0201	0.9993	0.0131	-0.0359
383618750	1.3543	0.9050	0.0520	-0.0359	-0.0112	-0.9993	-0.0149	0.9998	-0.0106	0.9992	0.0145	-0.0361
383618875	1.4181	0.8987	0.0752	-0.0368	0.0037	-0.9993	-0.0175	0.9998	0.0044	0.9992	0.0176	-0.0368
383619000	1.4825	0.9054	0.1015	-0.0365	0.0074	-0.9993	-0.0136	0.9999	0.0079	0.9992	0.0139	-0.0364
383619125	1.5486	0.9159	0.1206	-0.0384	0.0110	-0.9992	-0.0097	0.9999	0.0114	0.9992	0.0101	-0.0383
383619250	1.6069	0.9260	0.1393	-0.0375	0.0075	-0.9993	-0.0089	0.9999	0.0078	0.9993	0.0092	-0.0374
383619375	1.6632	0.9371	0.1436	-0.0402	-0.0017	-0.9992	-0.0072	1.0000	-0.0014	0.9992	0.0071	-0.0403
383619500	1.7126	0.9410	0.1424	-0.0456	-0.0088	-0.9989	-0.0039	1.0000	-0.0086	0.9989	0.0035	-0.0457
383619625	1.7666	0.9422	0.1324	-0.0535	-0.0185	-0.9984	-0.0002	0.9998	-0.0185	0.9986	-0.0007	-0.0535
383619750	1.8221	0.9366	0.1213	-0.0549	-0.0296	-0.9981	-0.0014	0.9996	-0.0295	0.9985	-0.0003	-0.0549
383619875	1.8784	0.9449	0.1049	-0.0642	-0.0301	-0.9975	-0.0021	0.9995	-0.0300	0.9979	0.0001	-0.0642
383620000	1.9246	0.9458	0.0913	-0.0736	-0.0240	-0.9970	0.0017	0.9997	-0.0242	0.9973	-0.0034	-0.0735
383620125	1.9634	0.9524	0.0870	-0.0840	-0.0234	-0.9962	0.0044	0.9997	-0.0238	0.9965	-0.0064	-0.0839
383620250	1.9841	0.9573	0.0999	-0.0955	-0.0174	-0.9953	0.0061	0.9998	-0.0181	0.9954	-0.0078	-0.0954
383620375	1.9921	0.9663	0.1312	-0.1077	-0.0144	-0.9941	0.0116	0.9998	-0.0158	0.9941	-0.0133	-0.1075
383620500	1.9855	0.9745	0.1702	-0.1162	-0.0110	-0.9932	0.0107	0.9999	-0.0123	0.9932	-0.0121	-0.1160
383620625	1.9716	0.9723	0.2189	-0.1183	-0.0084	-0.9929	-0.0014	1.0000	-0.0083	0.9930	0.0004	-0.1183
383620750	1.9668	0.9718	0.2557	-0.1124	0.0124	-0.9936	-0.0085	0.9999	0.0134	0.9936	0.0099	-0.1123
383620875	1.9681	0.9815	0.2742	-0.1034	0.0265	-0.9943	-0.0109	0.9996	0.0277	0.9946	0.0138	-0.1031
383621000	1.9678	0.9961	0.2841	-0.0869	0.0230	-0.9959	-0.0128	0.9996	0.0242	0.9961	0.0149	-0.0866
383621125	1.9613	1.0084	0.2896	-0.0726	0.0280	-0.9970	-0.0006	0.9996	0.0281	0.9974	0.0027	-0.0725
383621250	1.9529	1.0289	0.2896	-0.0625	0.0419	-0.9972	0.0260	0.9988	0.0404	0.9977	-0.0234	-0.0636
383621375	1.9653	1.0502	0.2961	-0.0408	0.0541	-0.9977	0.0506	0.9974	0.0521	0.9979	-0.0483	-0.0434
383621500	1.9803	1.0728	0.2948	-0.0072	0.0536	-0.9985	0.0689	0.9962	0.0530	0.9976	-0.0684	-0.0108
383621625	1.9924	1.0863	0.2810	0.0231	0.0435	-0.9988	0.0814	0.9957	0.0453	0.9964	-0.0824	0.0194
383621750	2.0053	1.0992	0.2742	0.0483	0.0499	-0.9976	0.0996	0.9935	0.0545	0.9939	-0.1020	0.0430
383621875	2.0025	1.1117	0.2618	0.0573	0.0607	-0.9965	0.1237	0.9900	0.0674	0.9907	-0.1271	0.0492
383622000	1.9934	1.1163	0.2587	0.0581	0.0709	-0.9958	0.1362	0.9876	0.0783	0.9890	-0.1401	0.0477
383622125	1.9866	1.1186	0.2570	0.0591	0.0829	-0.9948	0.1353	0.9867	0.0903	0.9890	-0.1399	0.0471
383622250	1.9787	1.1146	0.2576	0.0572	0.0917	-0.9941	0.1252	0.9873	0.0983	0.9905	-0.1301	0.0450
383622375	1.9748	1.1019	0.2525	0.0517	0.0975	-0.9939	0.1119	0.9884	0.1027	0.9924	-0.1165	0.0402
383622500	1.9689	1.0932	0.2509	0.0460	0.1040	-0.9935	0.1032	0.9887	0.1083	0.9936	-0.1075	0.0347
383622625	1.9660	1.0869	0.2467	0.0384	0.1054	-0.9937	0.0978	0.9893	0.1087	0.9945	-0.1014	0.0277
383622750	1.9598	1.0852	0.2513	0.0302	0.1091	-0.9936	0.0952	0.9892	0.1115	0.9950	-0.0979	0.0195
383622875	1.9573	1.0788	0.2500	0.0189	0.1146	-0.9932	0.0903	0.9892	0.1158	0.9957	-0.0919	0.0083
383623000	1.9559	1.0737	0.2556	0.0053	0.1111	-0.9938	0.0875	0.9899	0.1111	0.9962	-0.0875	-0.0044
383623125	1.9536	1.0679	0.2558	-0.0078	0.0998	-0.9950	0.0826	0.9917	0.0988	0.9965	-0.0815	-0.0159
383623250	1.9513	1.0602	0.2520	-0.0167	0.1006	-0.9948	0.0740	0.9923	0.0991	0.9971	-0.0719	-0.0240
383623375	1.9458	1.0433	0.2426	-0.0219	0.1010	-0.9946	0.0606	0.9932	0.0995	0.9979	-0.0581	-0.0279
383623500	1.9401	1.0305	0.2421	-0.0266	0.0981	-0.9948	0.0464	0.9942	0.0968	0.9986	-0.0436	-0.0310
383623625	1.9395	1.0305	0.2495	-0.0226	0.1165	-0.9929	0.0326	0.9928	0.1157	0.9992	-0.0297	-0.0262
383623750	1.9359	1.0245	0.2530	-0.0201	0.1240	-0.9921	0.0231	0.9921	0.1236	0.9995	-0.0205	-0.0228
383623875	1.9246	1.0147	0.2365	-0.0187	0.1272	-0.9917	0.0170	0.9918	0.1269	0.9997	-0.0145	-0.0207
383624000	1.9258	1.0147	0.2258	-0.0078	0.1250	-0.9921	0.0153	0.9921	0.1249	0.9999	-0.0142	-0.0096
383624125	1.9366	1.0132	0.2125	0.0023	0.1067	-0.9943	0.0141	0.9942	0.1067	0.9999	-0.0143	0.0008
383624250	1.9348	1.0171	0.2011	0.0074	0.0780	-0.9969	0.0084	0.9969	0.0781	0.9999	-0.0089	0.0068
383624375	1.9322	1.0237	0.1973	0.0079	0.0529	-0.9986	-0.0015	0.9986	0.0529	1.0000	0.0011	0.0080
383624500	1.9354	1.0306	0.1909	0.0066	0.0266	-0.9996	-0.0131	0.9996	0.0265	0.9999	0.0129	0.0069
383624625	1.9370	1.0311	0.1819	0.0058	0.0050	-1.0000	-0.0273	0.9996	0.0048	0.9996	0.0272	0.0060
383624750	1.9394	1.0307	0.1772	0.0045	-0.0069	-1.0000	-0.0424	0.9991	-0.0071	0.9991	0.0425	0.0042
383624875	1.9433	1.0282	0.1649	0.0061	-0.0079	-0.9999	-0.0547	0.9985	-0.0082	0.9985	0.0548	0.0057
383625000	1.9497	1.0244	0.1576	0.0048	-0.0023	-1.0000	-0.0662	0.9978	-0.0027	0.9978	0.0662	0.0046
383625125	1.9529	1.0217	0.1496	0.0042	0.0023	-1.0000	-0.0759	0.9971	0.0020	0.9971	0.0759	0.0044
383625250	1.9513	1.0188	0.1421	0.0045	0.0041	-1.0000	-0.0863	0.9963	0.0037	0.9963	0.0863	0.0049
383625375	1.9491	1.0144	0.1322	0.0051	0.0002	-1.0000	-0.0931	0.9957	-0.0003	0.9956	0.0931	0.0051
383625500	1.9444	1.0076	0.1222	0.0042	-0.0129	-0.9999	-0.1047	0.9944	-0.0133	0.9945	0.1048	0.0028
383625625	1.9387	1.0016	0.1126	0.0039	-0.0259	-0.9997	-0.1131	0.9932	-0.0262	0.9936	0.1132	0.0009
383625750	1.9316	0.9924	0.1020	0.0028	-0.0332	-0.9994	-0.1218	0.9920	-0.0333	0.9925	0.1219	-0.0013
383625875	1.9255	0.9849	0.0917	0.0024	-0.0372	-0.9993	-0.1318	0.9906	-0.0371	0.9913	0.1318	-0.0026
383626000	1.9191	0.9771	0.0834	0.0022	-0.0415	-0.9991	-0.1443	0.9887	-0.0414	0.9895	0.1443	-0.0038
383626125	1.9136	0.9704	0.0789	0.0027	-0.0444	-0.9990	-0.1558	0.9868	-0.0443	0.9878	0.1557	-0.0042
