META	HEADER	GNSS location/orientation script
META	VERSION	1.0.0
META	FORMAT	ASCII
META	CONTENT	DEFAULT
META	END
iTOW	Origin_X	Origin_Y	Origin_Z	Basis_XX	Basis_XY	Basis_XZ	Basis_YX	Basis_YY	Basis_YZ	Basis_ZX	Basis_ZY	Basis_ZZ
383552750	-2.6795	-0.0818	0.1408	0.9883	0.0175	-0.1512	-0.0203	0.9996	-0.0172	0.1509	0.0200	0.9884
383552875	-2.6793	-0.0816	0.1407	0.9885	0.0151	-0.1507	-0.0177	0.9997	-0.0158	0.1505	0.0183	0.9884
383553000	-2.6790	-0.0810	0.1420	0.9885	0.0165	-0.1506	-0.0191	0.9997	-0.0160	0.1503	0.0187	0.9885
383553125	-2.6792	-0.0814	0.1404	0.9884	0.0166	-0.1511	-0.0191	0.9997	-0.0152	0.1508	0.0179	0.9884
383553250	-2.6789	-0.0793	0.1391	0.9884	0.0168	-0.1509	-0.0195	0.9997	-0.0166	0.1505	0.0194	0.9884
383553375	-2.6790	-0.0806	0.1412	0.9884	0.0171	-0.1512	-0.0198	0.9997	-0.0164	0.1509	0.0192	0.9884
383553500	-2.6790	-0.0822	0.1399	0.9885	0.0150	-0.1508	-0.0179	0.9997	-0.0174	0.1505	0.0199	0.9884
383553625	-2.6791	-0.0810	0.1417	0.9884	0.0150	-0.1512	-0.0177	0.9997	-0.0163	0.1509	0.0188	0.9884
383553750	-2.6794	-0.0825	0.1413	0.9884	0.0153	-0.1512	-0.0181	0.9997	-0.0176	0.1508	0.0201	0.9884
383553875	-2.6792	-0.0833	0.1413	0.9883	0.0169	-0.1513	-0.0199	0.9996	-0.0185	0.1510	0.0213	0.9883
383554000	-2.6793	-0.0815	0.1409	0.9883	0.0176	-0.1516	-0.0204	0.9997	-0.0169	0.1513	0.0198	0.9883
383554125	-2.6811	-0.0819	0.1442	0.9884	0.0131	-0.1515	-0.0161	0.9997	-0.0189	0.1512	0.0211	0.9883
383554250	-2.6822	-0.0819	0.1445	0.9882	0.0146	-0.1528	-0.0175	0.9997	-0.0178	0.1525	0.0202	0.9881
383554375	-2.6812	-0.0824	0.1420	0.9883	0.0137	-0.1518	-0.0170	0.9997	-0.0203	0.1515	0.0226	0.9882
383554500	-2.6813	-0.0826	0.1432	0.9883	0.0130	-0.1517	-0.0160	0.9997	-0.0184	0.1514	0.0206	0.9883
383554625	-2.6807	-0.0782	0.1429	0.9883	0.0117	-0.1520	-0.0145	0.9997	-0.0173	0.1517	0.0193	0.9882
383554750	-2.6802	-0.0820	0.1431	0.9885	0.0111	-0.1511	-0.0140	0.9997	-0.0181	0.1508	0.0200	0.9884
383554875	-2.6808	-0.0839	0.1441	0.9882	0.0148	-0.1522	-0.0182	0.9996	-0.0211	0.1518	0.0236	0.9881
383555000	-2.6805	-0.0851	0.1449	0.9882	0.0134	-0.1523	-0.0168	0.9996	-0.0208	0.1520	0.0231	0.9881
383555125	-2.6810	-0.0854	0.1454	0.9882	0.0123	-0.1527	-0.0156	0.9997	-0.0201	0.1524	0.0223	0.9881
383555250	-2.6793	-0.0829	0.1440	0.9882	0.0153	-0.1524	-0.0185	0.9996	-0.0199	0.1520	0.0225	0.9881
383555375	-2.6802	-0.0784	0.1444	0.9879	0.0160	-0.1540	-0.0192	0.9996	-0.0193	0.1537	0.0220	0.9879
383555500	-2.6792	-0.0779	0.1449	0.9879	0.0212	-0.1534	-0.0247	0.9995	-0.0207	0.1529	0.0243	0.9879
383555625	-2.6793	-0.0760	0.1442	0.9880	0.0206	-0.1530	-0.0240	0.9995	-0.0203	0.1525	0.0238	0.9880
383555750	-2.6807	-0.0751	0.1427	0.9881	0.0177	-0.1531	-0.0205	0.9996	-0.0170	0.1527	0.0200	0.9881
383555875	-2.6805	-0.0769	0.1434	0.9884	0.0146	-0.1510	-0.0177	0.9997	-0.0187	0.1506	0.0211	0.9884
383556000	-2.6826	-0.0804	0.1438	0.9886	0.0070	-0.1505	-0.0098	0.9998	-0.0180	0.1503	0.0193	0.9884
383556125	-2.6828	-0.0853	0.1453	0.9884	0.0078	-0.1514	-0.0111	0.9997	-0.0210	0.1512	0.0224	0.9883
383556250	-2.6830	-0.0855	0.1480	0.9886	0.0045	-0.1506	-0.0075	0.9998	-0.0194	0.1505	0.0204	0.9884
383556375	-2.6825	-0.0858	0.1445	0.9886	0.0087	-0.1504	-0.0120	0.9997	-0.0207	0.1502	0.0223	0.9884
383556500	-2.6823	-0.0856	0.1487	0.9886	0.0075	-0.1506	-0.0105	0.9998	-0.0191	0.1504	0.0205	0.9884
383556625	-2.6828	-0.0897	0.1455	0.9887	0.0021	-0.1498	-0.0055	0.9997	-0.0219	0.1497	0.0224	0.9885
383556750	-2.6820	-0.0827	0.1463	0.9882	0.0137	-0.1525	-0.0169	0.9997	-0.0201	0.1521	0.0224	0.9881
383556875	-2.6830	-0.0868	0.1463	0.9881	0.0139	-0.1534	-0.0182	0.9995	-0.0268	0.1529	0.0293	0.9878
383557000	-2.6808	-0.0848	0.1464	0.9885	0.0126	-0.1508	-0.0163	0.9996	-0.0229	0.1504	0.0251	0.9883
383557125	-2.6809	-0.0861	0.1465	0.9883	0.0147	-0.1521	-0.0185	0.9996	-0.0234	0.1517	0.0259	0.9881
383557250	-2.6814	-0.0853	0.1467	0.9882	0.0136	-0.1528	-0.0170	0.9996	-0.0207	0.1525	0.0230	0.9880
383557375	-2.6815	-0.0852	0.1462	0.9880	0.0137	-0.1536	-0.0171	0.9996	-0.0212	0.1533	0.0236	0.9879
383557500	-2.6812	-0.0846	0.1455	0.9881	0.0124	-0.1534	-0.0157	0.9997	-0.0199	0.1531	0.0220	0.9880
383557625	-2.6819	-0.0856	0.1462	0.9883	0.0116	-0.1521	-0.0144	0.9997	-0.0176	0.1518	0.0196	0.9882
383557750	-2.6819	-0.0843	0.1455	0.9883	0.0096	-0.1524	-0.0122	0.9998	-0.0157	0.1522	0.0173	0.9882
383557875	-2.6819	-0.0845	0.1448	0.9885	0.0108	-0.1510	-0.0134	0.9998	-0.0160	0.1508	0.0179	0.9884
383558000	-2.6824	-0.0840	0.1448	0.9883	0.0097	-0.1522	-0.0127	0.9998	-0.0183	0.1520	0.0200	0.9882
383558125	-2.6817	-0.0852	0.1457	0.9885	0.0105	-0.1511	-0.0133	0.9998	-0.0174	0.1509	0.0192	0.9884
383558250	-2.6819	-0.0797	0.1408	0.9885	0.0106	-0.1506	-0.0134	0.9998	-0.0175	0.1504	0.0194	0.9884
383558375	-2.6813	-0.0802	0.1419	0.9883	0.0127	-0.1518	-0.0156	0.9997	-0.0176	0.1515	0.0198	0.9883
383558500	-2.6815	-0.0808	0.1414	0.9884	0.0154	-0.1514	-0.0180	0.9997	-0.0161	0.1511	0.0186	0.9883
383558625	-2.6809	-0.0815	0.1424	0.9884	0.0141	-0.1515	-0.0169	0.9997	-0.0170	0.1512	0.0194	0.9883
383558750	-2.6810	-0.0793	0.1427	0.9885	0.0119	-0.1506	-0.0143	0.9998	-0.0147	0.1504	0.0167	0.9885
383558875	-2.6812	-0.0778	0.1409	0.9886	0.0098	-0.1501	-0.0119	0.9998	-0.0133	0.1500	0.0149	0.9886
383559000	-2.6805	-0.0789	0.1406	0.9885	0.0126	-0.1509	-0.0151	0.9998	-0.0154	0.1507	0.0175	0.9884
383559125	-2.6815	-0.0798	0.1412	0.9882	0.0129	-0.1523	-0.0158	0.9997	-0.0183	0.1520	0.0205	0.9882
383559250	-2.6807	-0.0811	0.1415	0.9884	0.0134	-0.1513	-0.0163	0.9997	-0.0178	0.1510	0.0200	0.9883
383559375	-2.6788	-0.0788	0.1405	0.9886	0.0139	-0.1502	-0.0165	0.9997	-0.0161	0.1500	0.0184	0.9885
383559500	-2.6794	-0.0801	0.1430	0.9882	0.0144	-0.1524	-0.0170	0.9997	-0.0162	0.1521	0.0186	0.9882
383559625	-2.6798	-0.0828	0.1461	0.9881	0.0197	-0.1526	-0.0230	0.9996	-0.0193	0.1522	0.0226	0.9881
383559750	-2.6801	-0.0817	0.1441	0.9883	0.0151	-0.1519	-0.0181	0.9997	-0.0185	0.1516	0.0210	0.9882
383559875	-2.6798	-0.0818	0.1431	0.9883	0.0164	-0.1516	-0.0194	0.9997	-0.0178	0.1512	0.0205	0.9883
383560000	-2.6795	-0.0803	0.1431	0.9884	0.0142	-0.1515	-0.0167	0.9997	-0.0157	0.1512	0.0181	0.9883
383560125	-2.6799	-0.0814	0.1430	0.9881	0.0152	-0.1529	-0.0183	0.9997	-0.0189	0.1525	0.0214	0.9881
383560250	-2.6818	-0.0846	0.1454	0.9882	0.0151	-0.1521	-0.0180	0.9997	-0.0172	0.1518	0.0197	0.9882
383560375	-2.6818	-0.0849	0.1453	0.9882	0.0126	-0.1526	-0.0157	0.9997	-0.0189	0.1523	0.0211	0.9881
383560500	-2.6815	-0.0857	0.1446	0.9885	0.0115	-0.1509	-0.0143	0.9997	-0.0175	0.1506	0.0195	0.9884
383560625	-2.6804	-0.0832	0.1439	0.9883	0.0162	-0.1514	-0.0187	0.9997	-0.0155	0.1512	0.0182	0.9883
383560750	-2.6805	-0.0830	0.1424	0.9883	0.0154	-0.1518	-0.0181	0.9997	-0.0164	0.1515	0.0189	0.9883
383560875	-2.6801	-0.0824	0.1430	0.9884	0.0144	-0.1515	-0.0171	0.9997	-0.0167	0.1512	0.0191	0.9883
383561000	-2.6804	-0.0812	0.1433	0.9883	0.0147	-0.1520	-0.0173	0.9997	-0.0157	0.1517	0.0181	0.9883
383561125	-2.6809	-0.0836	0.1437	0.9883	0.0129	-0.1518	-0.0159	0.9997	-0.0188	0.1515	0.0210	0.9882
383561250	-2.6813	-0.0832	0.1450	0.9882	0.0142	-0.1524	-0.0170	0.9997	-0.0173	0.1522	0.0197	0.9882
383561375	-2.6812	-0.0801	0.1444	0.9881	0.0194	-0.1528	-0.0225	0.9996	-0.0188	0.1524	0.0220	0.9881
383561500	-2.6803	-0.0795	0.1429	0.9883	0.0147	-0.1521	-0.0175	0.9997	-0.0171	0.1518	0.0196	0.9882
383561625	-2.6801	-0.0786	0.1429	0.9881	0.0204	-0.1527	-0.0236	0.9995	-0.0196	0.1522	0.0229	0.9881
383561750	-2.6807	-0.0797	0.1452	0.9881	0.0167	-0.1527	-0.0203	0.9996	-0.0220	0.1522	0.0248	0.9880
383561875	-2.6782	-0.0792	0.1412	0.9884	0.0157	-0.1507	-0.0190	0.9996	-0.0208	0.1503	0.0234	0.9884
383562000	-2.6791	-0.0831	0.1399	0.9886	0.0114	-0.1502	-0.0149	0.9997	-0.0218	0.1499	0.0237	0.9884
383562125	-2.6785	-0.0759	0.1389	0.9886	0.0150	-0.1500	-0.0174	0.9997	-0.0145	0.1497	0.0169	0.9886
383562250	-2.6815	-0.0808	0.1411	0.9881	0.0161	-0.1530	-0.0181	0.9998	-0.0119	0.1528	0.0145	0.9882
383562375	-2.6837	-0.0793	0.1419	0.9880	0.0144	-0.1539	-0.0165	0.9998	-0.0123	0.1537	0.0146	0.9880
383562500	-2.6827	-0.0787	0.1402	0.9879	0.0140	-0.1542	-0.0163	0.9998	-0.0138	0.1540	0.0162	0.9879
383562625	-2.6834	-0.0792	0.1425	0.9879	0.0149	-0.1544	-0.0170	0.9998	-0.0125	0.1542	0.0150	0.9879
383562750	-2.6816	-0.0779	0.1408	0.9882	0.0137	-0.1527	-0.0159	0.9998	-0.0132	0.1525	0.0155	0.9882
383562875	-2.6814	-0.0793	0.1417	0.9883	0.0142	-0.1517	-0.0165	0.9998	-0.0142	0.1515	0.0165	0.9883
383563000	-2.6805	-0.0804	0.1401	0.9884	0.0164	-0.1512	-0.0192	0.9997	-0.0169	0.1509	0.0196	0.9884
383563125	-2.6808	-0.0796	0.1416	0.9883	0.0138	-0.1521	-0.0162	0.9998	-0.0148	0.1518	0.0170	0.9883
383563250	-2.6821	-0.0857	0.1421	0.9882	0.0162	-0.1526	-0.0188	0.9997	-0.0157	0.1523	0.0184	0.9882
383563375	-2.6811	-0.0846	0.1418	0.9883	0.0171	-0.1514	-0.0196	0.9997	-0.0152	0.1511	0.0180	0.9884
383563500	-2.6816	-0.0837	0.1432	0.9882	0.0156	-0.1521	-0.0183	0.9997	-0.0163	0.1518	0.0189	0.9882
383563625	-2.6815	-0.0847	0.1408	0.9882	0.0156	-0.1524	-0.0184	0.9997	-0.0171	0.1521	0.0197	0.9882
383563750	-2.6818	-0.0866	0.1431	0.9882	0.0147	-0.1523	-0.0177	0.9997	-0.0186	0.1519	0.0211	0.9882
383563875	-2.6816	-0.0863	0.1424	0.9882	0.0151	-0.1526	-0.0181	0.9997	-0.0181	0.1523	0.0207	0.9881
383564000	-2.6811	-0.0854	0.1410	0.9883	0.0154	-0.1518	-0.0183	0.9997	-0.0179	0.1515	0.0204	0.9882
383564125	-2.6815	-0.0873	0.1416	0.9881	0.0174	-0.1525	-0.0207	0.9996	-0.0199	0.1521	0.0228	0.9881
383564250	-2.6811	-0.0869	0.1412	0.9883	0.0151	-0.1519	-0.0183	0.9996	-0.0198	0.1516	0.0223	0.9882
383564375	-2.6819	-0.0852	0.1425	0.9881	0.0171	-0.1527	-0.0204	0.9996	-0.0200	0.1523	0.0228	0.9881
383564500	-2.6811	-0.0862	0.1422	0.9883	0.0172	-0.1518	-0.0205	0.9996	-0.0198	0.1514	0.0226	0.9882
383564625	-2.6819	-0.0852	0.1416	0.9882	0.0146	-0.1523	-0.0178	0.9996	-0.0197	0.1520	0.0222	0.9881
383564750	-2.6818	-0.0863	0.1407	0.9883	0.0156	-0.1518	-0.0191	0.9996	-0.0213	0.1514	0.0239	0.9882
383564875	-2.6822	-0.0853	0.1428	0.9882	0.0164	-0.1522	-0.0198	0.9996	-0.0211	0.1518	0.0239	0.9881
383565000	-2.6822	-0.0862	0.1427	0.9882	0.0160	-0.1525	-0.0194	0.9996	-0.0209	0.1522	0.0236	0.9881
383565125	-2.6822	-0.0867	0.1415	0.9882	0.0155	-0.1521	-0.0190	0.9996	-0.0218	0.1517	0.0244	0.9881
383565250	-2.6822	-0.0848	0.1405	0.9883	0.0139	-0.1516	-0.0171	0.9997	-0.0197	0.1513	0.0221	0.9882
383565375	-2.6816	-0.0837	0.1414	0.9884	0.0149	-0.1512	-0.0179	0.9997	-0.0183	0.1509	0.0208	0.9883
383565500	-2.6820	-0.0846	0.1427	0.9883	0.0183	-0.1514	-0.0211	0.9996	-0.0172	0.1510	0.0202	0.9883
383565625	-2.6821	-0.0856	0.1419	0.9883	0.0175	-0.1517	-0.0205	0.9996	-0.0179	0.1513	0.0208	0.9883
383565750	-2.6821	-0.0864	0.1437	0.9883	0.0172	-0.1517	-0.0203	0.9996	-0.0192	0.1514	0.0221	0.9882
383565875	-2.6824	-0.0890	0.1441	0.9881	0.0165	-0.1529	-0.0199	0.9996	-0.0211	0.1525	0.0239	0.9880
383566000	-2.6822	-0.0861	0.1446	0.9883	0.0176	-0.1517	-0.0205	0.9996	-0.0173	0.1513	0.0202	0.9883
383566125	-2.6830	-0.0855	0.1445	0.9881	0.0156	-0.1529	-0.0186	0.9997	-0.0182	0.1526	0.0208	0.9881
383566250	-2.6829	-0.0876	0.1434	0.9882	0.0171	-0.1524	-0.0202	0.9996	-0.0189	0.1520	0.0218	0.9881
383566375	-2.6830	-0.0869	0.1429	0.9882	0.0154	-0.1524	-0.0184	0.9997	-0.0187	0.1521	0.0213	0.9881
383566500	-2.6827	-0.0854	0.1427	0.9882	0.0168	-0.1521	-0.0193	0.9997	-0.0148	0.1518	0.0176	0.9883
383566625	-2.6825	-0.0874	0.1428	0.9883	0.0158	-0.1519	-0.0187	0.9997	-0.0174	0.1516	0.0200	0.9882
383566750	-2.6828	-0.0867	0.1431	0.9883	0.0160	-0.1518	-0.0188	0.9997	-0.0166	0.1515	0.0193	0.9883
383566875	-2.6833	-0.0874	0.1430	0.9881	0.0171	-0.1528	-0.0199	0.9997	-0.0167	0.1525	0.0195	0.9881
383567000	-2.6827	-0.0886	0.1441	0.9883	0.0170	-0.1518	-0.0197	0.9997	-0.0161	0.1515	0.0189	0.9883
383567125	-2.6830	-0.0881	0.1438	0.9882	0.0150	-0.1522	-0.0177	0.9997	-0.0164	0.1520	0.0189	0.9882
383567250	-2.6823	-0.0884	0.1439	0.9883	0.0163	-0.1518	-0.0189	0.9997	-0.0161	0.1515	0.0188	0.9883
383567375	-2.6817	-0.0839	0.1436	0.9883	0.0149	-0.1519	-0.0173	0.9997	-0.0144	0.1516	0.0169	0.9883
383567500	-2.6813	-0.0837	0.1425	0.9881	0.0164	-0.1528	-0.0190	0.9997	-0.0154	0.1525	0.0181	0.9881
383567625	-2.6814	-0.0844	0.1430	0.9883	0.0157	-0.1519	-0.0184	0.9997	-0.0162	0.1516	0.0188	0.9883
383567750	-2.6809	-0.0859	0.1430	0.9883	0.0151	-0.1520	-0.0178	0.9997	-0.0161	0.1518	0.0186	0.9882
383567875	-2.6814	-0.0869	0.1436	0.9883	0.0142	-0.1518	-0.0171	0.9997	-0.0174	0.1515	0.0198	0.9883
383568000	-2.6813	-0.0864	0.1432	0.9883	0.0163	-0.1515	-0.0190	0.9997	-0.0167	0.1512	0.0194	0.9883
383568125	-2.6814	-0.0867	0.1436	0.9882	0.0160	-0.1521	-0.0187	0.9997	-0.0163	0.1518	0.0190	0.9882
383568250	-2.6818	-0.0874	0.1432	0.9883	0.0160	-0.1520	-0.0187	0.9997	-0.0164	0.1517	0.0191	0.9882
383568375	-2.6821	-0.0858	0.1423	0.9883	0.0157	-0.1516	-0.0185	0.9997	-0.0171	0.1513	0.0197	0.9883
383568500	-2.6822	-0.0854	0.1426	0.9883	0.0154	-0.1517	-0.0184	0.9996	-0.0190	0.1514	0.0216	0.9882
383568625	-2.6826	-0.0839	0.1420	0.9882	0.0157	-0.1522	-0.0187	0.9997	-0.0182	0.1519	0.0209	0.9882
383568750	-2.6830	-0.0840	0.1425	0.9883	0.0137	-0.1516	-0.0165	0.9997	-0.0169	0.1513	0.0193	0.9883
383568875	-2.6832	-0.0852	0.1425	0.9882	0.0159	-0.1521	-0.0187	0.9997	-0.0169	0.1518	0.0196	0.9882
383569000	-2.6834	-0.0837	0.1410	0.9882	0.0150	-0.1523	-0.0178	0.9997	-0.0172	0.1520	0.0197	0.9882
383569125	-2.6837	-0.0847	0.1424	0.9882	0.0158	-0.1521	-0.0185	0.9997	-0.0167	0.1518	0.0194	0.9882
383569250	-2.6835	-0.0854	0.1426	0.9883	0.0149	-0.1520	-0.0178	0.9997	-0.0175	0.1517	0.0200	0.9882
383569375	-2.6838	-0.0849	0.1431	0.9882	0.0154	-0.1522	-0.0182	0.9997	-0.0171	0.1518	0.0197	0.9882
383569500	-2.6819	-0.0857	0.1409	0.9882	0.0158	-0.1522	-0.0185	0.9997	-0.0167	0.1519	0.0193	0.9882
383569625	-2.6818	-0.0842	0.1410	0.9883	0.0148	-0.1517	-0.0176	0.9997	-0.0171	0.1514	0.0196	0.9883
383569750	-2.6820	-0.0852	0.1401	0.9883	0.0161	-0.1518	-0.0189	0.9997	-0.0173	0.1515	0.0199	0.9883
383569875	-2.6814	-0.0843	0.1397	0.9884	0.0155	-0.1509	-0.0183	0.9997	-0.0172	0.1506	0.0198	0.9884
383570000	-2.6817	-0.0838	0.1385	0.9884	0.0147	-0.1514	-0.0174	0.9997	-0.0164	0.1511	0.0188	0.9883
383570125	-2.6815	-0.0842	0.1380	0.9884	0.0155	-0.1508	-0.0183	0.9997	-0.0172	0.1505	0.0198	0.9884
383570250	-2.6821	-0.0833	0.1383	0.9884	0.0129	-0.1515	-0.0157	0.9997	-0.0169	0.1512	0.0191	0.9883
383570375	-2.6822	-0.0851	0.1407	0.9882	0.0140	-0.1524	-0.0169	0.9997	-0.0177	0.1521	0.0201	0.9882
383570500	-2.6822	-0.0853	0.1400	0.9883	0.0155	-0.1520	-0.0185	0.9997	-0.0182	0.1517	0.0208	0.9882
383570625	-2.6823	-0.0856	0.1391	0.9883	0.0142	-0.1518	-0.0171	0.9997	-0.0179	0.1515	0.0203	0.9882
383570750	-2.6819	-0.0850	0.1376	0.9883	0.0130	-0.1517	-0.0162	0.9997	-0.0198	0.1514	0.0220	0.9882
383570875	-2.6818	-0.0851	0.1377	0.9883	0.0144	-0.1518	-0.0173	0.9997	-0.0177	0.1515	0.0201	0.9883
383571000	-2.6813	-0.0847	0.1366	0.9885	0.0152	-0.1507	-0.0179	0.9997	-0.0166	0.1504	0.0191	0.9884
383571125	-2.6815	-0.0851	0.1372	0.9883	0.0141	-0.1520	-0.0171	0.9997	-0.0186	0.1517	0.0210	0.9882
383571250	-2.6814	-0.0843	0.1379	0.9883	0.0156	-0.1517	-0.0184	0.9997	-0.0169	0.1513	0.0195	0.9883
383571375	-2.6817	-0.0836	0.1364	0.9883	0.0147	-0.1518	-0.0176	0.9997	-0.0180	0.1514	0.0204	0.9883
383571500	-2.6818	-0.0838	0.1373	0.9883	0.0135	-0.1517	-0.0165	0.9997	-0.0185	0.1514	0.0208	0.9882
383571625	-2.6819	-0.0828	0.1372	0.9883	0.0143	-0.1520	-0.0169	0.9997	-0.0163	0.1517	0.0187	0.9882
383571750	-2.6823	-0.0828	0.1367	0.9883	0.0121	-0.1519	-0.0150	0.9997	-0.0174	0.1516	0.0195	0.9882
383571875	-2.6822	-0.0836	0.1377	0.9882	0.0129	-0.1525	-0.0159	0.9997	-0.0185	0.1522	0.0208	0.9881
383572000	-2.6826	-0.0837	0.1392	0.9881	0.0113	-0.1532	-0.0146	0.9997	-0.0204	0.1529	0.0224	0.9880
383572125	-2.6822	-0.0850	0.1379	0.9883	0.0115	-0.1521	-0.0146	0.9997	-0.0191	0.1518	0.0211	0.9882
383572250	-2.6819	-0.0823	0.1376	0.9883	0.0113	-0.1518	-0.0141	0.9997	-0.0175	0.1516	0.0195	0.9882
383572375	-2.6825	-0.0834	0.1379	0.9882	0.0134	-0.1529	-0.0165	0.9997	-0.0187	0.1526	0.0210	0.9881
383572500	-2.6819	-0.0833	0.1395	0.9883	0.0104	-0.1520	-0.0134	0.9997	-0.0188	0.1518	0.0206	0.9882
383572625	-2.6814	-0.0816	0.1407	0.9883	0.0115	-0.1523	-0.0143	0.9997	-0.0173	0.1520	0.0193	0.9882
383572750	-2.6809	-0.0801	0.1398	0.9884	0.0123	-0.1514	-0.0150	0.9998	-0.0164	0.1512	0.0185	0.9883
383572875	-2.6815	-0.0800	0.1404	0.9883	0.0103	-0.1524	-0.0133	0.9997	-0.0183	0.1521	0.0201	0.9882
383573000	-2.6814	-0.0825	0.1404	0.9882	0.0120	-0.1530	-0.0153	0.9997	-0.0201	0.1527	0.0222	0.9880
383573125	-2.6816	-0.0831	0.1412	0.9882	0.0109	-0.1531	-0.0144	0.9997	-0.0216	0.1528	0.0235	0.9880
383573250	-2.6812	-0.0813	0.1410	0.9883	0.0107	-0.1520	-0.0136	0.9997	-0.0182	0.1518	0.0201	0.9882
383573375	-2.6815	-0.0796	0.1418	0.9882	0.0101	-0.1528	-0.0127	0.9998	-0.0161	0.1526	0.0178	0.9881
383573500	-2.6811	-0.0791	0.1418	0.9882	0.0121	-0.1528	-0.0151	0.9997	-0.0180	0.1525	0.0201	0.9881
383573625	-2.6814	-0.0804	0.1416	0.9882	0.0118	-0.1526	-0.0149	0.9997	-0.0194	0.1523	0.0215	0.9881
383573750	-2.6810	-0.0807	0.1414	0.9883	0.0121	-0.1520	-0.0150	0.9997	-0.0183	0.1518	0.0203	0.9882
383573875	-2.6812	-0.0822	0.1405	0.9881	0.0120	-0.1530	-0.0154	0.9997	-0.0215	0.1527	0.0236	0.9880
383574000	-2.6815	-0.0786	0.1422	0.9882	0.0105	-0.1527	-0.0133	0.9998	-0.0173	0.1525	0.0191	0.9881
383574125	-2.6815	-0.0786	0.1419	0.9882	0.0119	-0.1526	-0.0145	0.9998	-0.0162	0.1524	0.0182	0.9882
383574250	-2.6809	-0.0779	0.1403	0.9882	0.0122	-0.1525	-0.0151	0.9997	-0.0175	0.1523	0.0196	0.9881
383574375	-2.6813	-0.0775	0.1420	0.9882	0.0124	-0.1525	-0.0152	0.9997	-0.0168	0.1523	0.0189	0.9882
383574500	-2.6810	-0.0752	0.1403	0.9883	0.0123	-0.1523	-0.0149	0.9998	-0.0158	0.1520	0.0179	0.9882
383574625	-2.6804	-0.0753	0.1389	0.9884	0.0123	-0.1517	-0.0149	0.9998	-0.0157	0.1514	0.0177	0.9883
383574750	-2.6806	-0.0748	0.1378	0.9883	0.0140	-0.1517	-0.0167	0.9997	-0.0161	0.1515	0.0184	0.9883
383574875	-2.6811	-0.0752	0.1394	0.9883	0.0096	-0.1521	-0.0122	0.9998	-0.0160	0.1519	0.0177	0.9882
383575000	-2.6815	-0.0789	0.1413	0.9882	0.0101	-0.1527	-0.0128	0.9998	-0.0170	0.1525	0.0187	0.9881
383575125	-2.6804	-0.0771	0.1387	0.9883	0.0101	-0.1519	-0.0129	0.9998	-0.0175	0.1517	0.0192	0.9882
383575250	-2.6807	-0.0751	0.1404	0.9882	0.0101	-0.1526	-0.0125	0.9998	-0.0148	0.1524	0.0166	0.9882
383575375	-2.6796	-0.0742	0.1386	0.9884	0.0096	-0.1518	-0.0120	0.9998	-0.0146	0.1516	0.0162	0.9883
383575500	-2.6797	-0.0734	0.1389	0.9884	0.0089	-0.1515	-0.0114	0.9998	-0.0153	0.1513	0.0169	0.9883
383575625	-2.6793	-0.0743	0.1391	0.9884	0.0096	-0.1514	-0.0120	0.9998	-0.0148	0.1512	0.0164	0.9884
383575750	-2.6799	-0.0788	0.1391	0.9884	0.0125	-0.1517	-0.0153	0.9997	-0.0176	0.1514	0.0197	0.9883
383575875	-2.6794	-0.0772	0.1391	0.9884	0.0133	-0.1515	-0.0160	0.9997	-0.0168	0.1513	0.0190	0.9883
383576000	-2.6796	-0.0780	0.1389	0.9883	0.0117	-0.1523	-0.0146	0.9997	-0.0179	0.1521	0.0199	0.9882
383576125	-2.6793	-0.0773	0.1385	0.9883	0.0135	-0.1522	-0.0165	0.9997	-0.0181	0.1519	0.0204	0.9882
383576250	-2.6795	-0.0764	0.1399	0.9882	0.0121	-0.1525	-0.0150	0.9997	-0.0180	0.1523	0.0201	0.9881
383576375	-2.6782	-0.0738	0.1376	0.9884	0.0139	-0.1516	-0.0165	0.9997	-0.0164	0.1513	0.0187	0.9883
383576500	-2.6787	-0.0738	0.1362	0.9883	0.0123	-0.1522	-0.0149	0.9998	-0.0161	0.1520	0.0182	0.9882
383576625	-2.6783	-0.0731	0.1369	0.9883	0.0128	-0.1517	-0.0154	0.9997	-0.0164	0.1514	0.0185	0.9883
383576750	-2.6790	-0.0754	0.1382	0.9882	0.0154	-0.1523	-0.0180	0.9997	-0.0154	0.1521	0.0179	0.9882
383576875	-2.6788	-0.0774	0.1376	0.9883	0.0134	-0.1518	-0.0160	0.9997	-0.0160	0.1516	0.0182	0.9883
383577000	-2.6791	-0.0764	0.1393	0.9883	0.0115	-0.1523	-0.0144	0.9997	-0.0179	0.1521	0.0199	0.9882
383577125	-2.6806	-0.0800	0.1398	0.9884	0.0106	-0.1516	-0.0133	0.9998	-0.0171	0.1514	0.0190	0.9883
383577250	-2.6815	-0.0828	0.1406	0.9881	0.0134	-0.1532	-0.0168	0.9996	-0.0207	0.1529	0.0230	0.9880
383577375	-2.6820	-0.0863	0.1425	0.9882	0.0147	-0.1525	-0.0179	0.9996	-0.0195	0.1521	0.0220	0.9881
383577500	-2.6815	-0.0859	0.1420	0.9883	0.0163	-0.1515	-0.0192	0.9997	-0.0177	0.1512	0.0204	0.9883
383577625	-2.6830	-0.0872	0.1426	0.9881	0.0131	-0.1531	-0.0162	0.9997	-0.0189	0.1528	0.0211	0.9880
383577750	-2.6814	-0.0835	0.1422	0.9883	0.0141	-0.1517	-0.0167	0.9997	-0.0158	0.1514	0.0182	0.9883
383577875	-2.6812	-0.0839	0.1417	0.9884	0.0132	-0.1510	-0.0156	0.9998	-0.0143	0.1508	0.0165	0.9884
383578000	-2.6805	-0.0834	0.1412	0.9884	0.0124	-0.1516	-0.0153	0.9997	-0.0182	0.1513	0.0203	0.9883
383578125	-2.6812	-0.0840	0.1416	0.9883	0.0125	-0.1517	-0.0154	0.9997	-0.0178	0.1515	0.0199	0.9883
383578250	-2.6826	-0.0855	0.1420	0.9882	0.0143	-0.1522	-0.0173	0.9997	-0.0180	0.1519	0.0204	0.9882
383578375	-2.6822	-0.0874	0.1427	0.9883	0.0134	-0.1522	-0.0165	0.9997	-0.0192	0.1519	0.0214	0.9882
383578500	-2.6824	-0.0851	0.1424	0.9884	0.0122	-0.1514	-0.0150	0.9997	-0.0176	0.1512	0.0196	0.9883
383578625	-2.6819	-0.0848	0.1421	0.9883	0.0122	-0.1521	-0.0149	0.9998	-0.0163	0.1518	0.0184	0.9882
383578750	-2.6814	-0.0837	0.1416	0.9884	0.0126	-0.1517	-0.0152	0.9998	-0.0160	0.1514	0.0181	0.9883
383578875	-2.6816	-0.0865	0.1419	0.9883	0.0124	-0.1520	-0.0152	0.9997	-0.0175	0.1517	0.0196	0.9882
383579000	-2.6814	-0.0845	0.1427	0.9884	0.0123	-0.1515	-0.0147	0.9998	-0.0150	0.1513	0.0171	0.9883
383579125	-2.6818	-0.0839	0.1424	0.9883	0.0120	-0.1518	-0.0146	0.9998	-0.0154	0.1516	0.0174	0.9883
383579250	-2.6819	-0.0830	0.1420	0.9882	0.0147	-0.1526	-0.0175	0.9997	-0.0166	0.1523	0.0191	0.9882
383579375	-2.6823	-0.0833	0.1436	0.9882	0.0141	-0.1522	-0.0167	0.9997	-0.0156	0.1519	0.0180	0.9882
383579500	-2.6817	-0.0815	0.1424	0.9882	0.0118	-0.1524	-0.0143	0.9998	-0.0153	0.1522	0.0173	0.9882
383579625	-2.6820	-0.0810	0.1422	0.9882	0.0126	-0.1530	-0.0150	0.9998	-0.0147	0.1527	0.0168	0.9881
383579750	-2.6819	-0.0802	0.1420	0.9883	0.0118	-0.1521	-0.0143	0.9998	-0.0148	0.1519	0.0168	0.9883
383579875	-2.6815	-0.0814	0.1410	0.9884	0.0107	-0.1515	-0.0135	0.9998	-0.0175	0.1513	0.0194	0.9883
383580000	-2.6813	-0.0836	0.1423	0.9885	0.0133	-0.1506	-0.0163	0.9997	-0.0187	0.1503	0.0209	0.9884
383580125	-2.6817	-0.0858	0.1425	0.9885	0.0123	-0.1510	-0.0154	0.9997	-0.0197	0.1508	0.0218	0.9883
383580250	-2.6824	-0.0852	0.1420	0.9883	0.0130	-0.1517	-0.0162	0.9997	-0.0201	0.1514	0.0223	0.9882
383580375	-2.6815	-0.0854	0.1422	0.9884	0.0133	-0.1515	-0.0166	0.9997	-0.0201	0.1512	0.0224	0.9883
383580500	-2.6808	-0.0825	0.1417	0.9885	0.0143	-0.1509	-0.0168	0.9997	-0.0156	0.1506	0.0180	0.9884
383580625	-2.6809	-0.0838	0.1413	0.9884	0.0127	-0.1511	-0.0156	0.9997	-0.0181	0.1509	0.0202	0.9883
383580750	-2.6817	-0.0847	0.1439	0.9883	0.0109	-0.1524	-0.0138	0.9997	-0.0181	0.1522	0.0200	0.9882
383580875	-2.6814	-0.0856	0.1426	0.9884	0.0107	-0.1514	-0.0137	0.9997	-0.0190	0.1512	0.0208	0.9883
383581000	-2.6817	-0.0841	0.1420	0.9883	0.0107	-0.1522	-0.0138	0.9997	-0.0189	0.1520	0.0207	0.9882
383581125	-2.6819	-0.0858	0.1420	0.9883	0.0101	-0.1522	-0.0133	0.9997	-0.0199	0.1519	0.0217	0.9882
383581250	-2.6820	-0.0850	0.1433	0.9883	0.0112	-0.1523	-0.0142	0.9997	-0.0189	0.1521	0.0209	0.9881
383581375	-2.6813	-0.0830	0.1423	0.9883	0.0118	-0.1521	-0.0145	0.9998	-0.0166	0.1519	0.0186	0.9882
383581500	-2.6815	-0.0857	0.1420	0.9882	0.0130	-0.1528	-0.0163	0.9996	-0.0209	0.1525	0.0232	0.9880
383581625	-2.6813	-0.0846	0.1420	0.9882	0.0126	-0.1524	-0.0157	0.9997	-0.0190	0.1521	0.0212	0.9881
383581750	-2.6818	-0.0850	0.1438	0.9882	0.0118	-0.1527	-0.0150	0.9997	-0.0198	0.1524	0.0218	0.9881
383581875	-2.6812	-0.0826	0.1421	0.9883	0.0103	-0.1520	-0.0130	0.9998	-0.0165	0.1518	0.0183	0.9882
383582000	-2.6820	-0.0802	0.1426	0.9881	0.0112	-0.1537	-0.0139	0.9998	-0.0165	0.1534	0.0184	0.9880
383582125	-2.6808	-0.0818	0.1412	0.9882	0.0120	-0.1525	-0.0151	0.9997	-0.0191	0.1523	0.0212	0.9881
383582250	-2.6810	-0.0815	0.1404	0.9883	0.0105	-0.1519	-0.0134	0.9998	-0.0178	0.1516	0.0196	0.9882
383582375	-2.6810	-0.0837	0.1405	0.9883	0.0133	-0.1521	-0.0163	0.9997	-0.0190	0.1518	0.0212	0.9882
383582500	-2.6811	-0.0825	0.1397	0.9884	0.0124	-0.1514	-0.0153	0.9997	-0.0177	0.1511	0.0198	0.9883
383582625	-2.6810	-0.0826	0.1405	0.9883	0.0121	-0.1521	-0.0150	0.9997	-0.0178	0.1518	0.0199	0.9882
383582750	-2.6808	-0.0833	0.1395	0.9883	0.0131	-0.1516	-0.0160	0.9997	-0.0182	0.1514	0.0204	0.9883
383582875	-2.6812	-0.0835	0.1392	0.9882	0.0118	-0.1526	-0.0148	0.9997	-0.0189	0.1524	0.0210	0.9881
383583000	-2.6809	-0.0831	0.1395	0.9883	0.0121	-0.1518	-0.0149	0.9997	-0.0173	0.1516	0.0194	0.9883
383583125	-2.6802	-0.0810	0.1390	0.9883	0.0103	-0.1519	-0.0131	0.9998	-0.0177	0.1517	0.0195	0.9882
383583250	-2.6810	-0.0838	0.1407	0.9883	0.0140	-0.1516	-0.0171	0.9997	-0.0187	0.1513	0.0211	0.9883
383583375	-2.6807	-0.0842	0.1411	0.9883	0.0131	-0.1517	-0.0161	0.9997	-0.0185	0.1514	0.0207	0.9883
383583500	-2.6814	-0.0845	0.1423	0.9882	0.0136	-0.1526	-0.0167	0.9997	-0.0188	0.1522	0.0212	0.9881
383583625	-2.6805	-0.0846	0.1414	0.9882	0.0140	-0.1523	-0.0171	0.9997	-0.0195	0.1520	0.0218	0.9881
383583750	-2.6813	-0.0826	0.1408	0.9882	0.0136	-0.1525	-0.0165	0.9997	-0.0178	0.1522	0.0201	0.9881
383583875	-2.6805	-0.0802	0.1401	0.9882	0.0126	-0.1524	-0.0153	0.9998	-0.0160	0.1522	0.0182	0.9882
383584000	-2.6799	-0.0808	0.1386	0.9883	0.0114	-0.1518	-0.0142	0.9998	-0.0172	0.1516	0.0191	0.9883
383584125	-2.6800	-0.0812	0.1400	0.9883	0.0116	-0.1518	-0.0145	0.9997	-0.0182	0.1515	0.0202	0.9882
383584250	-2.6812	-0.0830	0.1419	0.9883	0.0141	-0.1517	-0.0170	0.9997	-0.0176	0.1514	0.0200	0.9883
383584375	-2.6817	-0.0842	0.1409	0.9883	0.0124	-0.1522	-0.0155	0.9997	-0.0186	0.1519	0.0208	0.9882
383584500	-2.6821	-0.0864	0.1428	0.9882	0.0146	-0.1524	-0.0176	0.9997	-0.0183	0.1521	0.0208	0.9881
383584625	-2.6822	-0.0847	0.1419	0.9883	0.0107	-0.1524	-0.0140	0.9997	-0.0205	0.1521	0.0223	0.9881
383584750	-2.6819	-0.0847	0.1408	0.9883	0.0112	-0.1520	-0.0142	0.9997	-0.0187	0.1518	0.0206	0.9882
383584875	-2.6813	-0.0833	0.1407	0.9882	0.0138	-0.1525	-0.0168	0.9997	-0.0186	0.1522	0.0209	0.9881
383585000	-2.6809	-0.0823	0.1394	0.9883	0.0123	-0.1517	-0.0153	0.9997	-0.0184	0.1515	0.0205	0.9882
383585125	-2.6810	-0.0829	0.1399	0.9882	0.0132	-0.1524	-0.0164	0.9997	-0.0193	0.1521	0.0216	0.9881
383585250	-2.6819	-0.0860	0.1401	0.9883	0.0119	-0.1518	-0.0148	0.9997	-0.0181	0.1515	0.0201	0.9882
383585375	-2.6820	-0.0857	0.1407	0.9883	0.0130	-0.1519	-0.0159	0.9997	-0.0178	0.1517	0.0201	0.9882
383585500	-2.6824	-0.0859	0.1402	0.9883	0.0116	-0.1518	-0.0144	0.9997	-0.0173	0.1516	0.0193	0.9883
383585625	-2.6820	-0.0820	0.1412	0.9882	0.0133	-0.1526	-0.0160	0.9997	-0.0163	0.1523	0.0185	0.9882
383585750	-2.6819	-0.0837	0.1400	0.9882	0.0113	-0.1526	-0.0143	0.9997	-0.0190	0.1523	0.0209	0.9881
383585875	-2.6812	-0.0826	0.1400	0.9884	0.0097	-0.1516	-0.0127	0.9997	-0.0187	0.1513	0.0204	0.9883
383586000	-2.6811	-0.0827	0.1405	0.9883	0.0132	-0.1519	-0.0164	0.9997	-0.0195	0.1516	0.0218	0.9882
383586125	-2.6814	-0.0835	0.1398	0.9883	0.0113	-0.1522	-0.0146	0.9997	-0.0202	0.1519	0.0222	0.9882
383586250	-2.6818	-0.0799	0.1406	0.9883	0.0122	-0.1523	-0.0149	0.9998	-0.0161	0.1521	0.0182	0.9882
383586375	-2.6821	-0.0848	0.1410	0.9883	0.0115	-0.1523	-0.0143	0.9998	-0.0170	0.1520	0.0190	0.9882
383586500	-2.6819	-0.0863	0.1409	0.9883	0.0117	-0.1523	-0.0149	0.9997	-0.0202	0.1520	0.0222	0.9881
383586625	-2.6816	-0.0838	0.1410	0.9883	0.0110	-0.1519	-0.0141	0.9997	-0.0191	0.1516	0.0210	0.9882
383586750	-2.6815	-0.0841	0.1407	0.9883	0.0118	-0.1522	-0.0148	0.9997	-0.0186	0.1520	0.0207	0.9882
383586875	-2.6808	-0.0828	0.1402	0.9884	0.0126	-0.1516	-0.0155	0.9997	-0.0179	0.1513	0.0200	0.9883
383587000	-2.6813	-0.0839	0.1411	0.9882	0.0092	-0.1526	-0.0124	0.9997	-0.0201	0.1523	0.0217	0.9881
383587125	-2.6805	-0.0820	0.1394	0.9883	0.0116	-0.1519	-0.0147	0.9997	-0.0189	0.1517	0.0209	0.9882
383587250	-2.6808	-0.0832	0.1410	0.9883	0.0119	-0.1519	-0.0148	0.9997	-0.0183	0.1516	0.0203	0.9882
383587375	-2.6815	-0.0844	0.1416	0.9882	0.0119	-0.1525	-0.0150	0.9997	-0.0190	0.1522	0.0211	0.9881
383587500	-2.6812	-0.0836	0.1415	0.9884	0.0115	-0.1517	-0.0144	0.9997	-0.0182	0.1515	0.0202	0.9883
383587625	-2.6811	-0.0826	0.1413	0.9882	0.0131	-0.1528	-0.0158	0.9997	-0.0162	0.1525	0.0184	0.9881
383587750	-2.6809	-0.0814	0.1404	0.9884	0.0111	-0.1514	-0.0136	0.9998	-0.0157	0.1512	0.0176	0.9883
383587875	-2.6805	-0.0836	0.1407	0.9883	0.0120	-0.1522	-0.0148	0.9997	-0.0169	0.1519	0.0190	0.9882
383588000	-2.6809	-0.0833	0.1397	0.9883	0.0108	-0.1522	-0.0138	0.9997	-0.0187	0.1520	0.0206	0.9882
383588125	-2.6804	-0.0850	0.1404	0.9883	0.0121	-0.1520	-0.0152	0.9997	-0.0188	0.1517	0.0209	0.9882
383588250	-2.6805	-0.0833	0.1411	0.9882	0.0119	-0.1524	-0.0150	0.9997	-0.0195	0.1522	0.0216	0.9881
383588375	-2.6818	-0.0827	0.1411	0.9883	0.0106	-0.1522	-0.0136	0.9997	-0.0184	0.1520	0.0203	0.9882
383588500	-2.6823	-0.0835	0.1411	0.9881	0.0118	-0.1531	-0.0150	0.9997	-0.0195	0.1529	0.0216	0.9880
383588625	-2.6817	-0.0832	0.1407	0.9883	0.0089	-0.1519	-0.0120	0.9997	-0.0197	0.1517	0.0213	0.9882
383588750	-2.6817	-0.0830	0.1416	0.9883	0.0093	-0.1521	-0.0126	0.9997	-0.0208	0.1518	0.0225	0.9882
383588875	-2.6818	-0.0809	0.1393	0.9882	0.0106	-0.1525	-0.0136	0.9997	-0.0188	0.1522	0.0207	0.9881
383589000	-2.6810	-0.0821	0.1396	0.9884	0.0094	-0.1517	-0.0125	0.9997	-0.0191	0.1514	0.0208	0.9882
383589125	-2.6813	-0.0813	0.1402	0.9883	0.0092	-0.1525	-0.0125	0.9997	-0.0206	0.1522	0.0223	0.9881
383589250	-2.6814	-0.0785	0.1410	0.9883	0.0093	-0.1522	-0.0121	0.9998	-0.0172	0.1520	0.0188	0.9882
383589375	-2.6820	-0.0821	0.1416	0.9882	0.0115	-0.1525	-0.0143	0.9997	-0.0174	0.1523	0.0194	0.9881
383589500	-2.6821	-0.0832	0.1399	0.9883	0.0098	-0.1521	-0.0129	0.9997	-0.0198	0.1518	0.0216	0.9882
383589625	-2.6817	-0.0851	0.1401	0.9884	0.0106	-0.1515	-0.0137	0.9997	-0.0189	0.1512	0.0207	0.9883
383589750	-2.6821	-0.0832	0.1410	0.9884	0.0087	-0.1516	-0.0116	0.9998	-0.0180	0.1514	0.0196	0.9883
383589875	-2.6820	-0.0846	0.1403	0.9884	0.0112	-0.1514	-0.0142	0.9997	-0.0188	0.1511	0.0207	0.9883
383590000	-2.6816	-0.0833	0.1406	0.9884	0.0123	-0.1511	-0.0150	0.9997	-0.0172	0.1509	0.0193	0.9884
383590125	-2.6817	-0.0833	0.1408	0.9884	0.0106	-0.1515	-0.0135	0.9998	-0.0177	0.1513	0.0195	0.9883
383590250	-2.6814	-0.0821	0.1402	0.9885	0.0100	-0.1511	-0.0128	0.9998	-0.0175	0.1509	0.0192	0.9884
383590375	-2.6818	-0.0828	0.1413	0.9885	0.0093	-0.1511	-0.0121	0.9998	-0.0178	0.1509	0.0194	0.9884
383590500	-2.6817	-0.0839	0.1409	0.9884	0.0093	-0.1513	-0.0120	0.9998	-0.0175	0.1511	0.0191	0.9883
383590625	-2.6822	-0.0840	0.1428	0.9884	0.0087	-0.1516	-0.0114	0.9998	-0.0172	0.1514	0.0187	0.9883
383590750	-2.6821	-0.0853	0.1438	0.9883	0.0094	-0.1521	-0.0122	0.9998	-0.0175	0.1519	0.0192	0.9882
383590875	-2.6814	-0.0851	0.1430	0.9883	0.0093	-0.1523	-0.0123	0.9997	-0.0190	0.1521	0.0207	0.9881
383591000	-2.6813	-0.0849	0.1442	0.9884	0.0104	-0.1514	-0.0135	0.9997	-0.0194	0.1512	0.0213	0.9883
383591125	-2.6810	-0.0853	0.1435	0.9884	0.0109	-0.1513	-0.0136	0.9998	-0.0165	0.1511	0.0184	0.9883
383591250	-2.6810	-0.0844	0.1438	0.9884	0.0123	-0.1514	-0.0151	0.9997	-0.0171	0.1512	0.0192	0.9883
383591375	-2.6812	-0.0853	0.1443	0.9884	0.0096	-0.1513	-0.0125	0.9998	-0.0180	0.1511	0.0196	0.9883
383591500	-2.6814	-0.0853	0.1440	0.9884	0.0106	-0.1512	-0.0133	0.9998	-0.0167	0.1510	0.0185	0.9884
383591625	-2.6818	-0.0865	0.1439	0.9884	0.0104	-0.1518	-0.0135	0.9997	-0.0195	0.1516	0.0213	0.9882
383591750	-2.6819	-0.0871	0.1438	0.9883	0.0095	-0.1521	-0.0126	0.9997	-0.0191	0.1518	0.0208	0.9882
383591875	-2.6811	-0.0879	0.1449	0.9884	0.0103	-0.1516	-0.0135	0.9997	-0.0205	0.1514	0.0223	0.9882
383592000	-2.6809	-0.0860	0.1457	0.9884	0.0103	-0.1513	-0.0129	0.9998	-0.0166	0.1511	0.0183	0.9883
383592125	-2.6817	-0.0844	0.1457	0.9883	0.0087	-0.1521	-0.0112	0.9998	-0.0160	0.1519	0.0175	0.9882
383592250	-2.6810	-0.0866	0.1459	0.9884	0.0101	-0.1515	-0.0127	0.9998	-0.0163	0.1514	0.0180	0.9883
383592375	-2.6816	-0.0895	0.1465	0.9883	0.0093	-0.1521	-0.0125	0.9997	-0.0202	0.1519	0.0219	0.9882
383592500	-2.6820	-0.0897	0.1472	0.9882	0.0089	-0.1529	-0.0120	0.9997	-0.0197	0.1527	0.0214	0.9880
383592625	-2.6811	-0.0879	0.1465	0.9882	0.0118	-0.1525	-0.0149	0.9997	-0.0192	0.1522	0.0212	0.9881
383592750	-2.6814	-0.0882	0.1475	0.9882	0.0113	-0.1526	-0.0143	0.9997	-0.0182	0.1523	0.0201	0.9881
383592875	-2.6811	-0.0885	0.1474	0.9884	0.0105	-0.1515	-0.0131	0.9998	-0.0161	0.1513	0.0179	0.9883
383593000	-2.6808	-0.0897	0.1467	0.9884	0.0119	-0.1514	-0.0149	0.9997	-0.0188	0.1512	0.0208	0.9883
383593125	-2.6811	-0.0909	0.1473	0.9884	0.0089	-0.1516	-0.0124	0.9997	-0.0215	0.1514	0.0232	0.9882
383593250	-2.6809	-0.0884	0.1471	0.9883	0.0117	-0.1518	-0.0150	0.9997	-0.0206	0.1515	0.0226	0.9882
383593375	-2.6813	-0.0859	0.1413	0.9885	0.0101	-0.1510	-0.0132	0.9997	-0.0195	0.1508	0.0213	0.9883
383593500	-2.6813	-0.0854	0.1417	0.9885	0.0098	-0.1511	-0.0128	0.9997	-0.0195	0.1509	0.0213	0.9883
383593625	-2.6817	-0.0822	0.1433	0.9883	0.0106	-0.1520	-0.0133	0.9998	-0.0169	0.1518	0.0187	0.9882
383593750	-2.6823	-0.0833	0.1426	0.9884	0.0101	-0.1517	-0.0127	0.9998	-0.0161	0.1515	0.0179	0.9883
383593875	-2.6821	-0.0859	0.1426	0.9883	0.0117	-0.1524	-0.0148	0.9997	-0.0194	0.1521	0.0215	0.9881
383594000	-2.6822	-0.0839	0.1439	0.9883	0.0110	-0.1523	-0.0137	0.9998	-0.0169	0.1520	0.0188	0.9882
383594125	-2.6807	-0.0831	0.1450	0.9886	0.0098	-0.1505	-0.0126	0.9998	-0.0177	0.1503	0.0194	0.9884
383594250	-2.6819	-0.0835	0.1421	0.9884	0.0099	-0.1517	-0.0129	0.9997	-0.0186	0.1515	0.0204	0.9882
383594375	-2.6822	-0.0823	0.1432	0.9883	0.0086	-0.1524	-0.0116	0.9998	-0.0188	0.1522	0.0203	0.9881
383594500	-2.6814	-0.0806	0.1427	0.9883	0.0109	-0.1519	-0.0136	0.9998	-0.0168	0.1517	0.0187	0.9883
383594625	-2.6817	-0.0828	0.1428	0.9884	0.0099	-0.1517	-0.0127	0.9998	-0.0178	0.1515	0.0195	0.9883
383594750	-2.6820	-0.0823	0.1426	0.9883	0.0110	-0.1521	-0.0139	0.9997	-0.0182	0.1519	0.0201	0.9882
383594875	-2.6825	-0.0814	0.1432	0.9882	0.0100	-0.1528	-0.0127	0.9998	-0.0168	0.1526	0.0186	0.9881
383595000	-2.6823	-0.0830	0.1430	0.9882	0.0088	-0.1530	-0.0120	0.9997	-0.0196	0.1528	0.0212	0.9880
383595125	-2.6824	-0.0815	0.1429	0.9882	0.0098	-0.1530	-0.0129	0.9997	-0.0191	0.1527	0.0208	0.9880
383595250	-2.6818	-0.0827	0.1418	0.9884	0.0070	-0.1518	-0.0101	0.9998	-0.0193	0.1516	0.0206	0.9882
383595375	-2.6821	-0.0816	0.1418	0.9883	0.0100	-0.1525	-0.0132	0.9997	-0.0194	0.1523	0.0212	0.9881
383595500	-2.6827	-0.0852	0.1431	0.9882	0.0098	-0.1528	-0.0130	0.9997	-0.0196	0.1526	0.0213	0.9881
383595625	-2.6824	-0.0862	0.1420	0.9883	0.0118	-0.1521	-0.0146	0.9997	-0.0177	0.1518	0.0198	0.9882
383595750	-2.6822	-0.0852	0.1416	0.9883	0.0100	-0.1519	-0.0130	0.9997	-0.0188	0.1516	0.0205	0.9882
383595875	-2.6829	-0.0846	0.1429	0.9882	0.0097	-0.1530	-0.0125	0.9998	-0.0176	0.1528	0.0193	0.9881
383596000	-2.6816	-0.0864	0.1418	0.9884	0.0101	-0.1513	-0.0131	0.9997	-0.0187	0.1511	0.0204	0.9883
383596125	-2.6819	-0.0857	0.1422	0.9883	0.0101	-0.1521	-0.0132	0.9997	-0.0193	0.1519	0.0211	0.9882
383596250	-2.6818	-0.0841	0.1432	0.9884	0.0085	-0.1517	-0.0113	0.9998	-0.0176	0.1515	0.0191	0.9883
383596375	-2.6815	-0.0858	0.1424	0.9883	0.0101	-0.1521	-0.0130	0.9998	-0.0182	0.1518	0.0199	0.9882
383596500	-2.6813	-0.0858	0.1409	0.9885	0.0091	-0.1510	-0.0120	0.9998	-0.0183	0.1508	0.0199	0.9884
383596625	-2.6816	-0.0860	0.1425	0.9884	0.0091	-0.1516	-0.0123	0.9997	-0.0197	0.1514	0.0213	0.9882
383596750	-2.6820	-0.0869	0.1415	0.9883	0.0105	-0.1521	-0.0138	0.9997	-0.0204	0.1518	0.0223	0.9882
383596875	-2.6814	-0.0880	0.1424	0.9884	0.0110	-0.1518	-0.0143	0.9997	-0.0207	0.1515	0.0226	0.9882
383597000	-2.6810	-0.0874	0.1415	0.9884	0.0119	-0.1517	-0.0150	0.9997	-0.0193	0.1514	0.0214	0.9882
383597125	-2.6814	-0.0872	0.1434	0.9883	0.0115	-0.1519	-0.0146	0.9997	-0.0193	0.1516	0.0213	0.9882
383597250	-2.6802	-0.0870	0.1413	0.9884	0.0143	-0.1509	-0.0175	0.9997	-0.0195	0.1506	0.0220	0.9884
383597375	-2.6807	-0.0883	0.1435	0.9885	0.0134	-0.1509	-0.0166	0.9997	-0.0199	0.1505	0.0222	0.9884
383597500	-2.6805	-0.0880	0.1427	0.9884	0.0116	-0.1511	-0.0149	0.9997	-0.0205	0.1508	0.0225	0.9883
383597625	-2.6797	-0.0881	0.1423	0.9885	0.0120	-0.1505	-0.0154	0.9997	-0.0212	0.1501	0.0233	0.9884
383597750	-2.6813	-0.0881	0.1423	0.9885	0.0099	-0.1509	-0.0130	0.9997	-0.0199	0.1506	0.0217	0.9884
383597875	-2.6811	-0.0890	0.1430	0.9885	0.0095	-0.1512	-0.0130	0.9997	-0.0220	0.1509	0.0238	0.9883
383598000	-2.6812	-0.0872	0.1416	0.9885	0.0097	-0.1507	-0.0129	0.9997	-0.0201	0.1505	0.0218	0.9884
383598125	-2.6805	-0.0889	0.1431	0.9885	0.0115	-0.1509	-0.0151	0.9996	-0.0226	0.1505	0.0246	0.9883
383598250	-2.6811	-0.0882	0.1426	0.9884	0.0104	-0.1512	-0.0140	0.9996	-0.0228	0.1510	0.0247	0.9882
383598375	-2.6806	-0.0886	0.1439	0.9886	0.0105	-0.1499	-0.0143	0.9996	-0.0244	0.1496	0.0263	0.9884
383598500	-2.6799	-0.0875	0.1413	0.9885	0.0134	-0.1505	-0.0172	0.9996	-0.0237	0.1502	0.0260	0.9883
383598625	-2.6803	-0.0881	0.1427	0.9885	0.0122	-0.1506	-0.0161	0.9996	-0.0251	0.1502	0.0273	0.9883
383598750	-2.6802	-0.0884	0.1420	0.9886	0.0101	-0.1501	-0.0139	0.9996	-0.0248	0.1498	0.0266	0.9884
383598875	-2.6797	-0.0860	0.1425	0.9885	0.0120	-0.1505	-0.0154	0.9997	-0.0214	0.1502	0.0235	0.9884
383599000	-2.6800	-0.0881	0.1419	0.9886	0.0083	-0.1500	-0.0118	0.9997	-0.0222	0.1498	0.0237	0.9884
383599125	-2.6792	-0.0899	0.1424	0.9886	0.0071	-0.1501	-0.0104	0.9997	-0.0212	0.1500	0.0225	0.9884
383599250	-2.6799	-0.0899	0.1430	0.9884	0.0091	-0.1519	-0.0122	0.9997	-0.0192	0.1517	0.0208	0.9882
383599375	-2.6789	-0.0882	0.1417	0.9884	0.0117	-0.1514	-0.0148	0.9997	-0.0194	0.1511	0.0214	0.9883
383599500	-2.6803	-0.0874	0.1419	0.9883	0.0116	-0.1521	-0.0148	0.9997	-0.0198	0.1518	0.0218	0.9882
383599625	-2.6802	-0.0864	0.1400	0.9884	0.0130	-0.1512	-0.0164	0.9996	-0.0211	0.1508	0.0233	0.9883
383599750	-2.6794	-0.0867	0.1406	0.9883	0.0132	-0.1518	-0.0166	0.9996	-0.0211	0.1515	0.0234	0.9882
383599875	-2.6807	-0.0875	0.1413	0.9882	0.0138	-0.1524	-0.0174	0.9996	-0.0217	0.1521	0.0241	0.9881
383600000	-2.6800	-0.0866	0.1411	0.9883	0.0132	-0.1517	-0.0166	0.9996	-0.0213	0.1514	0.0235	0.9882
383600125	-2.6800	-0.0903	0.1420	0.9885	0.0095	-0.1509	-0.0129	0.9997	-0.0218	0.1507	0.0235	0.9883
383600250	-2.6802	-0.0882	0.1402	0.9883	0.0153	-0.1517	-0.0189	0.9996	-0.0221	0.1513	0.0247	0.9882
383600375	-2.6805	-0.0863	0.1420	0.9883	0.0135	-0.1521	-0.0169	0.9996	-0.0211	0.1517	0.0234	0.9881
383600500	-2.6806	-0.0843	0.1413	0.9885	0.0113	-0.1509	-0.0144	0.9997	-0.0199	0.1507	0.0219	0.9883
383600625	-2.6810	-0.0847	0.1396	0.9883	0.0114	-0.1519	-0.0145	0.9997	-0.0193	0.1516	0.0213	0.9882
383600750	-2.6826	-0.0824	0.1407	0.9884	0.0082	-0.1518	-0.0111	0.9998	-0.0179	0.1517	0.0194	0.9882
383600875	-2.6829	-0.0838	0.1414	0.9884	0.0088	-0.1513	-0.0118	0.9998	-0.0187	0.1511	0.0202	0.9883
383601000	-2.6822	-0.0824	0.1394	0.9886	0.0082	-0.1500	-0.0109	0.9998	-0.0170	0.1499	0.0185	0.9885
383601125	-2.6827	-0.0830	0.1385	0.9884	0.0108	-0.1515	-0.0137	0.9997	-0.0186	0.1512	0.0205	0.9883
383601250	-2.6835	-0.0855	0.1403	0.9884	0.0102	-0.1518	-0.0134	0.9997	-0.0200	0.1515	0.0218	0.9882
383601375	-2.6830	-0.0860	0.1404	0.9883	0.0109	-0.1521	-0.0140	0.9997	-0.0192	0.1518	0.0211	0.9882
383601500	-2.6838	-0.0877	0.1416	0.9883	0.0099	-0.1525	-0.0128	0.9998	-0.0178	0.1523	0.0196	0.9881
383601625	-2.6845	-0.0848	0.1404	0.9881	0.0117	-0.1530	-0.0144	0.9998	-0.0162	0.1528	0.0182	0.9881
383601750	-2.6837	-0.0838	0.1445	0.9881	0.0125	-0.1532	-0.0149	0.9998	-0.0151	0.1530	0.0172	0.9881
383601875	-2.6846	-0.0837	0.1438	0.9881	0.0099	-0.1533	-0.0124	0.9998	-0.0151	0.1532	0.0168	0.9881
383602000	-2.6824	-0.0844	0.1421	0.9885	0.0113	-0.1510	-0.0138	0.9998	-0.0154	0.1508	0.0173	0.9884
383602125	-2.6836	-0.0876	0.1422	0.9884	0.0095	-0.1517	-0.0124	0.9998	-0.0182	0.1515	0.0199	0.9883
383602250	-2.6836	-0.0875	0.1420	0.9883	0.0114	-0.1518	-0.0142	0.9997	-0.0174	0.1516	0.0194	0.9883
383602375	-2.6845	-0.0874	0.1432	0.9881	0.0126	-0.1531	-0.0157	0.9997	-0.0190	0.1528	0.0212	0.9880
383602500	-2.6843	-0.0880	0.1429	0.9884	0.0092	-0.1518	-0.0120	0.9998	-0.0175	0.1516	0.0191	0.9883
383602625	-2.6833	-0.0880	0.1423	0.9883	0.0118	-0.1524	-0.0149	0.9997	-0.0195	0.1521	0.0215	0.9881
383602750	-2.6831	-0.0884	0.1437	0.9884	0.0114	-0.1515	-0.0147	0.9997	-0.0207	0.1512	0.0227	0.9882
