META	HEADER	GNSS location/orientation script
META	VERSION	1.0.0
META	FORMAT	ASCII
META	CONTENT	DEFAULT
META	END
iTOW	Origin_X	Origin_Y	Origin_Z	Basis_XX	Basis_XY	Basis_XZ	Basis_YX	Basis_YY	Basis_YZ	Basis_ZX	Basis_ZY	Basis_ZZ
123576750	0.7799	0.3364	0.1510	0.0437	-0.0014	-0.9990	0.1370	0.9906	0.0046	0.9896	-0.1371	0.0435
123576875	0.7802	0.3361	0.1506	0.0433	-0.0005	-0.9991	0.1356	0.9907	0.0054	0.9898	-0.1357	0.0430
123577000	0.7796	0.3355	0.1508	0.0432	-0.0009	-0.9991	0.1363	0.9907	0.0050	0.9897	-0.1364	0.0430
123577125	0.7797	0.3345	0.1518	0.0436	0.0007	-0.9990	0.1354	0.9908	0.0066	0.9898	-0.1356	0.0431
123577250	0.7805	0.3356	0.1499	0.0444	-0.0020	-0.9990	0.1382	0.9904	0.0041	0.9894	-0.1383	0.0442
123577375	0.7800	0.3349	0.1517	0.0438	-0.0008	-0.9990	0.1382	0.9904	0.0052	0.9894	-0.1383	0.0435
123577500	0.7803	0.3340	0.1499	0.0441	-0.0012	-0.9990	0.1369	0.9906	0.0049	0.9896	-0.1370	0.0439
123577625	0.7802	0.3356	0.1507	0.0439	-0.0015	-0.9990	0.1391	0.9903	0.0046	0.9893	-0.1391	0.0437
123577750	0.7806	0.3334	0.1483	0.0444	-0.0002	-0.9990	0.1370	0.9906	0.0059	0.9896	-0.1371	0.0441
123577875	0.7801	0.3322	0.1500	0.0434	-0.0004	-0.9991	0.1366	0.9906	0.0055	0.9897	-0.1367	0.0431
123578000	0.7800	0.3310	0.1488	0.0437	-0.0003	-0.9990	0.1361	0.9907	0.0056	0.9897	-0.1362	0.0433
123578125	0.7797	0.3321	0.1501	0.0446	-0.0013	-0.9990	0.1358	0.9907	0.0047	0.9897	-0.1359	0.0444
123578250	0.7800	0.3345	0.1495	0.0438	-0.0042	-0.9990	0.1368	0.9906	0.0018	0.9896	-0.1367	0.0440
123578375	0.7786	0.3331	0.1511	0.0443	-0.0004	-0.9990	0.1387	0.9903	0.0058	0.9893	-0.1389	0.0439
123578500	0.7782	0.3322	0.1532	0.0433	-0.0002	-0.9991	0.1384	0.9904	0.0058	0.9894	-0.1385	0.0429
123578625	0.7790	0.3345	0.1512	0.0436	-0.0028	-0.9990	0.1425	0.9898	0.0034	0.9888	-0.1425	0.0435
123578750	0.7790	0.3348	0.1515	0.0440	-0.0027	-0.9990	0.1402	0.9901	0.0035	0.9891	-0.1403	0.0439
123578875	0.7794	0.3347	0.1495	0.0432	-0.0047	-0.9991	0.1390	0.9903	0.0013	0.9894	-0.1389	0.0435
123579000	0.7798	0.3380	0.1489	0.0440	-0.0050	-0.9990	0.1404	0.9901	0.0013	0.9891	-0.1403	0.0443
123579125	0.7788	0.3353	0.1507	0.0427	-0.0070	-0.9991	0.1402	0.9901	-0.0010	0.9892	-0.1400	0.0433
123579250	0.7787	0.3349	0.1500	0.0433	-0.0041	-0.9991	0.1423	0.9898	0.0021	0.9889	-0.1423	0.0435
123579375	0.7784	0.3368	0.1457	0.0442	-0.0053	-0.9990	0.1441	0.9896	0.0011	0.9886	-0.1440	0.0445
123579500	0.7788	0.3364	0.1440	0.0440	-0.0038	-0.9990	0.1430	0.9897	0.0025	0.9887	-0.1430	0.0441
123579625	0.7779	0.3348	0.1418	0.0418	-0.0034	-0.9991	0.1448	0.9895	0.0026	0.9886	-0.1448	0.0419
123579750	0.7773	0.3337	0.1438	0.0414	-0.0034	-0.9991	0.1429	0.9897	0.0025	0.9889	-0.1428	0.0415
123579875	0.7756	0.3386	0.1477	0.0406	-0.0000	-0.9992	0.1481	0.9890	0.0060	0.9881	-0.1482	0.0401
123580000	0.7756	0.3490	0.1501	0.0438	0.0133	-0.9990	0.1511	0.9883	0.0198	0.9875	-0.1518	0.0412
123580125	0.7751	0.3522	0.1532	0.0437	0.0157	-0.9989	0.1505	0.9884	0.0222	0.9876	-0.1513	0.0408
123580250	0.7783	0.3451	0.1528	0.0474	0.0107	-0.9988	0.1455	0.9892	0.0175	0.9882	-0.1461	0.0454
123580375	0.7807	0.3335	0.1461	0.0432	-0.0020	-0.9991	0.1420	0.9899	0.0042	0.9889	-0.1420	0.0430
123580500	0.7778	0.3390	0.1489	0.0426	0.0075	-0.9991	0.1436	0.9895	0.0135	0.9887	-0.1441	0.0411
123580625	0.7773	0.3401	0.1502	0.0439	0.0075	-0.9990	0.1440	0.9895	0.0137	0.9886	-0.1445	0.0423
123580750	0.7794	0.3436	0.1501	0.0444	0.0062	-0.9990	0.1478	0.9889	0.0127	0.9880	-0.1482	0.0430
123580875	0.7771	0.3374	0.1509	0.0438	0.0006	-0.9990	0.1454	0.9893	0.0069	0.9884	-0.1456	0.0433
123581000	0.7785	0.3392	0.1478	0.0448	0.0026	-0.9990	0.1461	0.9892	0.0091	0.9883	-0.1463	0.0439
123581125	0.7769	0.3387	0.1477	0.0435	-0.0010	-0.9991	0.1455	0.9893	0.0053	0.9884	-0.1456	0.0432
123581250	0.7776	0.3365	0.1455	0.0440	-0.0002	-0.9990	0.1433	0.9897	0.0061	0.9887	-0.1434	0.0436
123581375	0.7765	0.3377	0.1464	0.0432	-0.0008	-0.9991	0.1438	0.9896	0.0054	0.9887	-0.1439	0.0429
123581500	0.7771	0.3359	0.1462	0.0442	-0.0006	-0.9990	0.1452	0.9894	0.0058	0.9884	-0.1453	0.0438
123581625	0.7756	0.3355	0.1470	0.0446	-0.0008	-0.9990	0.1444	0.9895	0.0057	0.9885	-0.1445	0.0442
123581750	0.7756	0.3349	0.1499	0.0437	-0.0040	-0.9990	0.1447	0.9895	0.0023	0.9885	-0.1447	0.0439
123581875	0.7764	0.3366	0.1502	0.0444	-0.0007	-0.9990	0.1443	0.9895	0.0057	0.9885	-0.1444	0.0440
123582000	0.7765	0.3391	0.1492	0.0451	-0.0016	-0.9990	0.1445	0.9895	0.0050	0.9885	-0.1446	0.0448
123582125	0.7769	0.3394	0.1511	0.0443	0.0011	-0.9990	0.1460	0.9893	0.0075	0.9883	-0.1462	0.0436
123582250	0.7765	0.3407	0.1510	0.0446	-0.0004	-0.9990	0.1460	0.9893	0.0061	0.9883	-0.1462	0.0441
123582375	0.7758	0.3371	0.1515	0.0451	0.0034	-0.9990	0.1432	0.9896	0.0098	0.9887	-0.1435	0.0441
123582500	0.7751	0.3363	0.1486	0.0449	-0.0001	-0.9990	0.1431	0.9897	0.0063	0.9887	-0.1432	0.0444
123582625	0.7746	0.3374	0.1502	0.0453	-0.0004	-0.9990	0.1432	0.9897	0.0061	0.9887	-0.1433	0.0449
123582750	0.7767	0.3394	0.1495	0.0437	-0.0001	-0.9990	0.1433	0.9897	0.0062	0.9887	-0.1435	0.0433
123582875	0.7757	0.3378	0.1500	0.0439	0.0022	-0.9990	0.1430	0.9897	0.0085	0.9888	-0.1432	0.0431
123583000	0.7758	0.3367	0.1500	0.0438	0.0034	-0.9990	0.1423	0.9898	0.0096	0.9889	-0.1426	0.0429
123583125	0.7762	0.3388	0.1507	0.0433	0.0004	-0.9991	0.1443	0.9895	0.0067	0.9886	-0.1445	0.0428
123583250	0.7757	0.3390	0.1519	0.0433	0.0018	-0.9991	0.1461	0.9892	0.0081	0.9883	-0.1464	0.0426
123583375	0.7758	0.3384	0.1495	0.0432	0.0004	-0.9991	0.1428	0.9897	0.0065	0.9888	-0.1429	0.0428
123583500	0.7761	0.3398	0.1499	0.0437	0.0015	-0.9990	0.1438	0.9896	0.0077	0.9886	-0.1440	0.0430
123583625	0.7763	0.3402	0.1494	0.0435	0.0021	-0.9991	0.1425	0.9898	0.0083	0.9888	-0.1427	0.0428
123583750	0.7775	0.3375	0.1523	0.0421	-0.0013	-0.9991	0.1424	0.9898	0.0047	0.9889	-0.1425	0.0418
123583875	0.7778	0.3376	0.1521	0.0426	-0.0013	-0.9991	0.1430	0.9897	0.0048	0.9888	-0.1430	0.0424
123584000	0.7781	0.3378	0.1529	0.0421	-0.0004	-0.9991	0.1422	0.9898	0.0056	0.9889	-0.1423	0.0417
123584125	0.7780	0.3390	0.1526	0.0427	-0.0015	-0.9991	0.1436	0.9896	0.0047	0.9887	-0.1437	0.0425
123584250	0.7785	0.3386	0.1535	0.0423	0.0008	-0.9991	0.1436	0.9896	0.0069	0.9887	-0.1438	0.0418
123584375	0.7791	0.3393	0.1528	0.0426	-0.0002	-0.9991	0.1434	0.9897	0.0059	0.9888	-0.1435	0.0422
123584500	0.7791	0.3399	0.1538	0.0427	-0.0001	-0.9991	0.1444	0.9895	0.0061	0.9886	-0.1445	0.0423
123584625	0.7792	0.3396	0.1522	0.0430	0.0014	-0.9991	0.1442	0.9895	0.0075	0.9886	-0.1444	0.0423
123584750	0.7810	0.3396	0.1539	0.0435	-0.0017	-0.9991	0.1454	0.9894	0.0047	0.9884	-0.1455	0.0433
123584875	0.7819	0.3381	0.1535	0.0432	-0.0010	-0.9991	0.1444	0.9895	0.0053	0.9886	-0.1445	0.0429
123585000	0.7826	0.3391	0.1537	0.0425	-0.0014	-0.9991	0.1443	0.9895	0.0047	0.9886	-0.1444	0.0423
123585125	0.7821	0.3375	0.1549	0.0434	0.0006	-0.9991	0.1423	0.9898	0.0068	0.9889	-0.1424	0.0429
123585250	0.7817	0.3380	0.1562	0.0430	-0.0012	-0.9991	0.1433	0.9897	0.0050	0.9887	-0.1434	0.0427
123585375	0.7825	0.3396	0.1556	0.0428	-0.0015	-0.9991	0.1439	0.9896	0.0047	0.9887	-0.1440	0.0426
123585500	0.7823	0.3389	0.1576	0.0421	-0.0016	-0.9991	0.1443	0.9895	0.0045	0.9886	-0.1444	0.0419
123585625	0.7826	0.3394	0.1564	0.0428	-0.0018	-0.9991	0.1435	0.9896	0.0044	0.9887	-0.1436	0.0426
123585750	0.7822	0.3365	0.1563	0.0413	-0.0004	-0.9991	0.1438	0.9896	0.0055	0.9887	-0.1439	0.0410
123585875	0.7815	0.3362	0.1558	0.0436	-0.0002	-0.9990	0.1449	0.9894	0.0061	0.9885	-0.1450	0.0432
123586000	0.7824	0.3376	0.1552	0.0432	0.0008	-0.9991	0.1447	0.9894	0.0070	0.9885	-0.1449	0.0427
123586125	0.7826	0.3372	0.1566	0.0420	0.0005	-0.9991	0.1441	0.9895	0.0066	0.9887	-0.1443	0.0415
123586250	0.7830	0.3377	0.1566	0.0426	-0.0006	-0.9991	0.1447	0.9895	0.0056	0.9886	-0.1448	0.0422
123586375	0.7828	0.3369	0.1565	0.0421	-0.0009	-0.9991	0.1450	0.9894	0.0052	0.9885	-0.1451	0.0418
123586500	0.7834	0.3381	0.1549	0.0430	-0.0022	-0.9991	0.1447	0.9895	0.0041	0.9885	-0.1447	0.0429
123586625	0.7828	0.3354	0.1558	0.0424	-0.0015	-0.9991	0.1441	0.9895	0.0046	0.9886	-0.1442	0.0421
123586750	0.7817	0.3346	0.1527	0.0433	-0.0006	-0.9991	0.1444	0.9895	0.0056	0.9886	-0.1445	0.0429
123586875	0.7822	0.3346	0.1529	0.0430	-0.0013	-0.9991	0.1431	0.9897	0.0049	0.9888	-0.1432	0.0427
123587000	0.7817	0.3351	0.1536	0.0427	-0.0025	-0.9991	0.1446	0.9895	0.0037	0.9886	-0.1446	0.0426
123587125	0.7821	0.3339	0.1524	0.0428	-0.0009	-0.9991	0.1430	0.9897	0.0052	0.9888	-0.1431	0.0425
123587250	0.7821	0.3346	0.1523	0.0434	-0.0004	-0.9991	0.1440	0.9896	0.0059	0.9886	-0.1441	0.0430
123587375	0.7819	0.3353	0.1520	0.0438	0.0008	-0.9990	0.1439	0.9896	0.0071	0.9886	-0.1441	0.0433
123587500	0.7821	0.3358	0.1523	0.0425	-0.0013	-0.9991	0.1448	0.9894	0.0049	0.9885	-0.1449	0.0423
123587625	0.7821	0.3364	0.1514	0.0426	-0.0006	-0.9991	0.1447	0.9895	0.0056	0.9886	-0.1448	0.0422
123587750	0.7806	0.3365	0.1506	0.0421	0.0002	-0.9991	0.1451	0.9894	0.0063	0.9885	-0.1452	0.0417
123587875	0.7797	0.3373	0.1492	0.0427	0.0000	-0.9991	0.1450	0.9894	0.0062	0.9885	-0.1451	0.0422
123588000	0.7787	0.3363	0.1498	0.0427	-0.0006	-0.9991	0.1450	0.9894	0.0056	0.9885	-0.1451	0.0423
123588125	0.7800	0.3380	0.1482	0.0427	-0.0007	-0.9991	0.1471	0.9891	0.0056	0.9882	-0.1472	0.0423
123588250	0.7789	0.3361	0.1493	0.0425	-0.0002	-0.9991	0.1457	0.9893	0.0060	0.9884	-0.1458	0.0421
123588375	0.7791	0.3359	0.1479	0.0428	0.0008	-0.9991	0.1452	0.9894	0.0070	0.9885	-0.1453	0.0422
123588500	0.7791	0.3369	0.1475	0.0433	0.0013	-0.9991	0.1464	0.9892	0.0076	0.9883	-0.1466	0.0426
123588625	0.7785	0.3350	0.1475	0.0432	0.0021	-0.9991	0.1447	0.9894	0.0083	0.9885	-0.1449	0.0424
123588750	0.7783	0.3351	0.1439	0.0428	0.0014	-0.9991	0.1445	0.9895	0.0076	0.9886	-0.1446	0.0422
123588875	0.7776	0.3350	0.1436	0.0430	0.0025	-0.9991	0.1442	0.9895	0.0087	0.9886	-0.1444	0.0422
123589000	0.7775	0.3356	0.1429	0.0430	0.0017	-0.9991	0.1450	0.9894	0.0079	0.9885	-0.1452	0.0423
123589125	0.7780	0.3358	0.1416	0.0427	0.0015	-0.9991	0.1449	0.9894	0.0077	0.9885	-0.1451	0.0420
123589250	0.7771	0.3346	0.1417	0.0432	-0.0010	-0.9991	0.1445	0.9895	0.0053	0.9886	-0.1446	0.0429
123589375	0.7775	0.3352	0.1411	0.0414	0.0002	-0.9991	0.1447	0.9895	0.0062	0.9886	-0.1449	0.0410
123589500	0.7770	0.3357	0.1404	0.0422	-0.0002	-0.9991	0.1449	0.9894	0.0059	0.9886	-0.1450	0.0418
123589625	0.7771	0.3358	0.1388	0.0432	0.0001	-0.9991	0.1453	0.9894	0.0064	0.9885	-0.1454	0.0427
123589750	0.7776	0.3392	0.1400	0.0445	-0.0003	-0.9990	0.1463	0.9892	0.0062	0.9882	-0.1464	0.0441
123589875	0.7779	0.3394	0.1423	0.0431	-0.0005	-0.9991	0.1471	0.9891	0.0059	0.9882	-0.1472	0.0427
123590000	0.7775	0.3396	0.1419	0.0433	0.0015	-0.9991	0.1471	0.9891	0.0078	0.9882	-0.1473	0.0426
123590125	0.7776	0.3398	0.1398	0.0438	0.0026	-0.9990	0.1467	0.9891	0.0090	0.9882	-0.1470	0.0430
123590250	0.7775	0.3409	0.1383	0.0443	-0.0008	-0.9990	0.1474	0.9891	0.0058	0.9881	-0.1475	0.0440
123590375	0.7774	0.3419	0.1373	0.0441	-0.0005	-0.9990	0.1469	0.9891	0.0060	0.9882	-0.1470	0.0437
123590500	0.7776	0.3414	0.1370	0.0441	-0.0002	-0.9990	0.1447	0.9895	0.0062	0.9885	-0.1448	0.0436
123590625	0.7774	0.3414	0.1371	0.0440	0.0014	-0.9990	0.1448	0.9894	0.0078	0.9885	-0.1450	0.0434
123590750	0.7799	0.3402	0.1426	0.0432	0.0022	-0.9991	0.1457	0.9893	0.0085	0.9884	-0.1459	0.0424
123590875	0.7796	0.3392	0.1420	0.0436	-0.0002	-0.9991	0.1461	0.9892	0.0061	0.9883	-0.1463	0.0431
123591000	0.7799	0.3364	0.1450	0.0420	0.0025	-0.9991	0.1447	0.9894	0.0085	0.9886	-0.1450	0.0412
123591125	0.7800	0.3376	0.1425	0.0435	0.0008	-0.9991	0.1456	0.9893	0.0071	0.9884	-0.1457	0.0429
123591250	0.7794	0.3356	0.1434	0.0440	0.0024	-0.9990	0.1437	0.9896	0.0087	0.9886	-0.1440	0.0432
123591375	0.7801	0.3368	0.1414	0.0437	0.0007	-0.9990	0.1450	0.9894	0.0071	0.9885	-0.1452	0.0431
123591500	0.7799	0.3355	0.1426	0.0441	0.0021	-0.9990	0.1449	0.9894	0.0085	0.9885	-0.1451	0.0434
123591625	0.7790	0.3346	0.1436	0.0441	0.0035	-0.9990	0.1450	0.9894	0.0098	0.9884	-0.1453	0.0431
123591750	0.7790	0.3333	0.1481	0.0434	0.0017	-0.9991	0.1434	0.9896	0.0079	0.9887	-0.1436	0.0428
123591875	0.7795	0.3328	0.1484	0.0433	0.0031	-0.9991	0.1425	0.9897	0.0093	0.9888	-0.1428	0.0424
123592000	0.7799	0.3340	0.1481	0.0428	0.0008	-0.9991	0.1437	0.9896	0.0070	0.9887	-0.1439	0.0422
123592125	0.7800	0.3342	0.1487	0.0426	0.0016	-0.9991	0.1436	0.9896	0.0077	0.9887	-0.1438	0.0420
123592250	0.7800	0.3344	0.1489	0.0424	0.0017	-0.9991	0.1438	0.9896	0.0078	0.9887	-0.1440	0.0417
123592375	0.7798	0.3341	0.1496	0.0419	0.0008	-0.9991	0.1443	0.9895	0.0068	0.9886	-0.1445	0.0414
123592500	0.7796	0.3342	0.1496	0.0427	0.0007	-0.9991	0.1437	0.9896	0.0068	0.9887	-0.1438	0.0421
123592625	0.7796	0.3341	0.1489	0.0429	0.0002	-0.9991	0.1437	0.9896	0.0064	0.9887	-0.1439	0.0424
123592750	0.7794	0.3339	0.1501	0.0428	0.0006	-0.9991	0.1436	0.9896	0.0068	0.9887	-0.1437	0.0423
123592875	0.7796	0.3359	0.1502	0.0432	-0.0007	-0.9991	0.1458	0.9893	0.0056	0.9884	-0.1459	0.0428
123593000	0.7793	0.3355	0.1498	0.0432	-0.0012	-0.9991	0.1464	0.9892	0.0051	0.9883	-0.1465	0.0429
123593125	0.7790	0.3335	0.1516	0.0427	-0.0014	-0.9991	0.1451	0.9894	0.0048	0.9885	-0.1452	0.0424
123593250	0.7787	0.3339	0.1511	0.0437	-0.0003	-0.9990	0.1457	0.9893	0.0060	0.9884	-0.1458	0.0433
123593375	0.7784	0.3348	0.1517	0.0437	-0.0018	-0.9990	0.1464	0.9892	0.0046	0.9883	-0.1464	0.0435
123593500	0.7784	0.3342	0.1515	0.0436	-0.0016	-0.9990	0.1465	0.9892	0.0048	0.9882	-0.1466	0.0434
123593625	0.7783	0.3334	0.1513	0.0436	-0.0002	-0.9991	0.1448	0.9894	0.0061	0.9885	-0.1450	0.0431
123593750	0.7783	0.3351	0.1505	0.0437	-0.0002	-0.9990	0.1459	0.9893	0.0062	0.9883	-0.1460	0.0433
123593875	0.7778	0.3345	0.1517	0.0432	-0.0006	-0.9991	0.1466	0.9892	0.0058	0.9883	-0.1467	0.0428
123594000	0.7779	0.3352	0.1516	0.0427	-0.0004	-0.9991	0.1466	0.9892	0.0059	0.9883	-0.1467	0.0423
123594125	0.7771	0.3342	0.1522	0.0435	0.0010	-0.9991	0.1458	0.9893	0.0073	0.9884	-0.1459	0.0428
123594250	0.7771	0.3331	0.1510	0.0434	0.0022	-0.9991	0.1436	0.9896	0.0084	0.9887	-0.1439	0.0426
123594375	0.7772	0.3343	0.1510	0.0440	0.0002	-0.9990	0.1449	0.9894	0.0066	0.9885	-0.1450	0.0435
123594500	0.7775	0.3345	0.1504	0.0438	-0.0001	-0.9990	0.1451	0.9894	0.0063	0.9884	-0.1453	0.0434
123594625	0.7768	0.3338	0.1526	0.0435	0.0005	-0.9991	0.1448	0.9894	0.0068	0.9885	-0.1449	0.0430
123594750	0.7781	0.3357	0.1507	0.0436	0.0016	-0.9990	0.1445	0.9895	0.0078	0.9885	-0.1447	0.0429
123594875	0.7776	0.3348	0.1516	0.0443	0.0017	-0.9990	0.1445	0.9895	0.0081	0.9885	-0.1448	0.0436
123595000	0.7776	0.3357	0.1507	0.0437	0.0023	-0.9990	0.1459	0.9893	0.0086	0.9883	-0.1461	0.0429
123595125	0.7780	0.3377	0.1524	0.0430	0.0032	-0.9991	0.1470	0.9891	0.0095	0.9882	-0.1473	0.0420
123595250	0.7778	0.3377	0.1513	0.0431	0.0011	-0.9991	0.1471	0.9891	0.0074	0.9882	-0.1473	0.0425
123595375	0.7788	0.3390	0.1514	0.0434	0.0022	-0.9991	0.1475	0.9890	0.0086	0.9881	-0.1477	0.0426
123595500	0.7783	0.3381	0.1528	0.0427	0.0010	-0.9991	0.1470	0.9891	0.0073	0.9882	-0.1471	0.0421
123595625	0.7785	0.3380	0.1506	0.0432	0.0013	-0.9991	0.1461	0.9892	0.0076	0.9883	-0.1463	0.0426
123595750	0.7796	0.3381	0.1510	0.0433	0.0025	-0.9991	0.1461	0.9892	0.0089	0.9883	-0.1463	0.0425
123595875	0.7798	0.3376	0.1503	0.0440	0.0018	-0.9990	0.1461	0.9892	0.0082	0.9883	-0.1463	0.0433
123596000	0.7805	0.3386	0.1504	0.0438	0.0018	-0.9990	0.1469	0.9891	0.0083	0.9882	-0.1471	0.0430
123596125	0.7801	0.3389	0.1504	0.0440	0.0008	-0.9990	0.1459	0.9893	0.0072	0.9883	-0.1461	0.0434
123596250	0.7808	0.3392	0.1496	0.0437	0.0009	-0.9990	0.1460	0.9893	0.0073	0.9883	-0.1462	0.0431
123596375	0.7804	0.3384	0.1513	0.0429	0.0024	-0.9991	0.1452	0.9894	0.0086	0.9885	-0.1454	0.0421
123596500	0.7814	0.3404	0.1500	0.0434	0.0010	-0.9991	0.1451	0.9894	0.0072	0.9885	-0.1453	0.0428
123596625	0.7812	0.3384	0.1515	0.0438	0.0023	-0.9990	0.1459	0.9893	0.0087	0.9883	-0.1461	0.0430
123596750	0.7816	0.3387	0.1504	0.0445	0.0019	-0.9990	0.1438	0.9896	0.0083	0.9886	-0.1440	0.0438
123596875	0.7803	0.3387	0.1507	0.0437	0.0026	-0.9990	0.1434	0.9896	0.0089	0.9887	-0.1436	0.0429
123597000	0.7803	0.3384	0.1525	0.0435	0.0013	-0.9991	0.1429	0.9897	0.0075	0.9888	-0.1431	0.0429
123597125	0.7803	0.3416	0.1516	0.0439	0.0021	-0.9990	0.1448	0.9894	0.0085	0.9885	-0.1451	0.0431
123597250	0.7814	0.3426	0.1514	0.0432	0.0003	-0.9991	0.1452	0.9894	0.0066	0.9885	-0.1453	0.0427
123597375	0.7810	0.3423	0.1520	0.0436	0.0016	-0.9990	0.1457	0.9893	0.0079	0.9884	-0.1459	0.0429
123597500	0.7814	0.3414	0.1518	0.0436	0.0014	-0.9990	0.1448	0.9894	0.0077	0.9885	-0.1450	0.0429
123597625	0.7820	0.3418	0.1516	0.0441	0.0006	-0.9990	0.1454	0.9893	0.0071	0.9884	-0.1456	0.0436
123597750	0.7816	0.3418	0.1513	0.0444	0.0028	-0.9990	0.1439	0.9896	0.0092	0.9886	-0.1441	0.0435
123597875	0.7810	0.3394	0.1491	0.0441	0.0037	-0.9990	0.1442	0.9895	0.0100	0.9886	-0.1445	0.0432
123598000	0.7805	0.3398	0.1490	0.0443	0.0016	-0.9990	0.1448	0.9894	0.0080	0.9885	-0.1450	0.0436
123598125	0.7803	0.3408	0.1514	0.0434	0.0019	-0.9991	0.1467	0.9891	0.0082	0.9882	-0.1470	0.0427
123598250	0.7803	0.3416	0.1524	0.0435	0.0015	-0.9991	0.1475	0.9890	0.0079	0.9881	-0.1477	0.0428
123598375	0.7805	0.3417	0.1526	0.0435	0.0007	-0.9991	0.1489	0.9888	0.0072	0.9879	-0.1491	0.0429
123598500	0.7803	0.3419	0.1518	0.0434	0.0019	-0.9991	0.1474	0.9890	0.0082	0.9881	-0.1476	0.0427
123598625	0.7795	0.3406	0.1519	0.0437	0.0005	-0.9990	0.1471	0.9891	0.0069	0.9882	-0.1473	0.0432
123598750	0.7801	0.3412	0.1503	0.0448	0.0005	-0.9990	0.1467	0.9892	0.0071	0.9882	-0.1469	0.0442
123598875	0.7786	0.3368	0.1493	0.0432	-0.0011	-0.9991	0.1456	0.9893	0.0052	0.9884	-0.1457	0.0429
123599000	0.7789	0.3380	0.1496	0.0447	0.0001	-0.9990	0.1468	0.9892	0.0067	0.9882	-0.1469	0.0442
123599125	0.7790	0.3378	0.1479	0.0443	0.0014	-0.9990	0.1454	0.9893	0.0079	0.9884	-0.1456	0.0436
123599250	0.7778	0.3365	0.1487	0.0438	0.0024	-0.9990	0.1450	0.9894	0.0087	0.9885	-0.1453	0.0430
123599375	0.7785	0.3357	0.1509	0.0443	0.0003	-0.9990	0.1454	0.9893	0.0067	0.9884	-0.1456	0.0438
123599500	0.7783	0.3355	0.1509	0.0437	0.0002	-0.9990	0.1458	0.9893	0.0066	0.9883	-0.1460	0.0432
123599625	0.7786	0.3370	0.1506	0.0444	0.0023	-0.9990	0.1463	0.9892	0.0087	0.9882	-0.1465	0.0436
123599750	0.7779	0.3381	0.1497	0.0443	0.0011	-0.9990	0.1461	0.9892	0.0076	0.9883	-0.1463	0.0436
123599875	0.7775	0.3378	0.1476	0.0440	-0.0006	-0.9990	0.1470	0.9891	0.0059	0.9882	-0.1471	0.0437
123600000	0.7776	0.3385	0.1492	0.0454	0.0026	-0.9990	0.1461	0.9892	0.0092	0.9882	-0.1464	0.0446
123600125	0.7794	0.3398	0.1480	0.0441	0.0042	-0.9990	0.1474	0.9890	0.0107	0.9881	-0.1477	0.0430
123600250	0.7792	0.3355	0.1491	0.0465	-0.0011	-0.9989	0.1459	0.9893	0.0057	0.9882	-0.1460	0.0461
123600375	0.7777	0.3344	0.1518	0.0445	-0.0019	-0.9990	0.1468	0.9892	0.0047	0.9882	-0.1469	0.0443
123600500	0.7769	0.3412	0.1544	0.0448	0.0032	-0.9990	0.1478	0.9890	0.0098	0.9880	-0.1480	0.0438
123600625	0.7775	0.3433	0.1530	0.0435	0.0063	-0.9990	0.1485	0.9888	0.0127	0.9879	-0.1489	0.0421
123600750	0.7752	0.3422	0.1534	0.0446	0.0072	-0.9990	0.1479	0.9889	0.0137	0.9880	-0.1484	0.0431
123600875	0.7762	0.3447	0.1528	0.0437	0.0080	-0.9990	0.1494	0.9887	0.0145	0.9878	-0.1499	0.0420
123601000	0.7763	0.3422	0.1545	0.0429	0.0060	-0.9991	0.1490	0.9888	0.0124	0.9879	-0.1494	0.0415
123601125	0.7761	0.3447	0.1535	0.0422	0.0068	-0.9991	0.1502	0.9886	0.0131	0.9878	-0.1506	0.0407
123601250	0.7795	0.3414	0.1519	0.0435	0.0038	-0.9990	0.1477	0.9890	0.0102	0.9881	-0.1480	0.0425
123601375	0.7795	0.3431	0.1513	0.0438	0.0027	-0.9990	0.1472	0.9891	0.0091	0.9881	-0.1475	0.0429
123601500	0.7792	0.3416	0.1511	0.0443	0.0013	-0.9990	0.1488	0.9888	0.0079	0.9879	-0.1490	0.0436
123601625	0.7805	0.3412	0.1523	0.0443	0.0027	-0.9990	0.1454	0.9893	0.0091	0.9884	-0.1457	0.0434
123601750	0.7802	0.3404	0.1524	0.0431	0.0018	-0.9991	0.1432	0.9897	0.0080	0.9888	-0.1434	0.0424
123601875	0.7795	0.3404	0.1511	0.0451	0.0034	-0.9990	0.1427	0.9897	0.0098	0.9887	-0.1430	0.0441
123602000	0.7811	0.3399	0.1517	0.0449	0.0042	-0.9990	0.1390	0.9902	0.0104	0.9893	-0.1393	0.0439
123602125	0.7811	0.3409	0.1521	0.0431	0.0021	-0.9991	0.1413	0.9899	0.0082	0.9890	-0.1415	0.0424
123602250	0.7799	0.3414	0.1525	0.0446	0.0029	-0.9990	0.1427	0.9897	0.0092	0.9888	-0.1430	0.0437
123602375	0.7799	0.3401	0.1530	0.0437	0.0022	-0.9990	0.1440	0.9895	0.0084	0.9886	-0.1442	0.0429
123602500	0.7801	0.3383	0.1540	0.0434	0.0047	-0.9990	0.1432	0.9896	0.0108	0.9887	-0.1435	0.0423
123602625	0.7808	0.3399	0.1552	0.0441	0.0045	-0.9990	0.1457	0.9893	0.0109	0.9883	-0.1461	0.0429
123602750	0.7802	0.3387	0.1546	0.0430	0.0024	-0.9991	0.1447	0.9894	0.0086	0.9885	-0.1449	0.0422
123602875	0.7817	0.3404	0.1539	0.0436	0.0040	-0.9990	0.1418	0.9898	0.0101	0.9889	-0.1421	0.0426
123603000	0.7810	0.3389	0.1527	0.0438	0.0039	-0.9990	0.1401	0.9901	0.0101	0.9892	-0.1404	0.0429
123603125	0.7813	0.3376	0.1530	0.0425	0.0043	-0.9991	0.1397	0.9901	0.0102	0.9893	-0.1400	0.0415
123603250	0.7807	0.3363	0.1507	0.0443	0.0062	-0.9990	0.1392	0.9902	0.0124	0.9893	-0.1396	0.0430
123603375	0.7811	0.3359	0.1499	0.0447	0.0056	-0.9990	0.1404	0.9900	0.0119	0.9891	-0.1408	0.0435
123603500	0.7810	0.3365	0.1515	0.0444	0.0049	-0.9990	0.1400	0.9901	0.0111	0.9891	-0.1404	0.0433
123603625	0.7806	0.3375	0.1501	0.0451	0.0044	-0.9990	0.1424	0.9897	0.0108	0.9888	-0.1428	0.0441
123603750	0.7811	0.3370	0.1513	0.0441	0.0047	-0.9990	0.1427	0.9897	0.0109	0.9888	-0.1430	0.0430
123603875	0.7808	0.3369	0.1515	0.0439	0.0035	-0.9990	0.1432	0.9897	0.0097	0.9887	-0.1435	0.0430
123604000	0.7811	0.3381	0.1513	0.0442	0.0044	-0.9990	0.1432	0.9896	0.0107	0.9887	-0.1436	0.0431
123604125	0.7815	0.3382	0.1514	0.0440	0.0042	-0.9990	0.1427	0.9897	0.0104	0.9888	-0.1430	0.0429
123604250	0.7818	0.3393	0.1505	0.0443	0.0042	-0.9990	0.1429	0.9897	0.0105	0.9887	-0.1432	0.0433
123604375	0.7812	0.3376	0.1519	0.0437	0.0046	-0.9990	0.1412	0.9899	0.0107	0.9890	-0.1416	0.0426
123604500	0.7817	0.3376	0.1511	0.0438	0.0042	-0.9990	0.1404	0.9900	0.0103	0.9891	-0.1407	0.0428
123604625	0.7815	0.3372	0.1507	0.0440	0.0027	-0.9990	0.1396	0.9902	0.0088	0.9892	-0.1398	0.0432
123604750	0.7798	0.3358	0.1483	0.0438	0.0004	-0.9990	0.1395	0.9902	0.0065	0.9893	-0.1396	0.0434
123604875	0.7798	0.3361	0.1493	0.0434	-0.0001	-0.9991	0.1394	0.9902	0.0059	0.9893	-0.1395	0.0430
123605000	0.7794	0.3371	0.1491	0.0433	0.0006	-0.9991	0.1401	0.9901	0.0067	0.9892	-0.1403	0.0428
123605125	0.7796	0.3376	0.1491	0.0431	0.0008	-0.9991	0.1398	0.9902	0.0068	0.9892	-0.1400	0.0425
123605250	0.7799	0.3382	0.1480	0.0437	0.0008	-0.9990	0.1415	0.9899	0.0070	0.9890	-0.1417	0.0431
123605375	0.7795	0.3376	0.1495	0.0429	0.0020	-0.9991	0.1411	0.9900	0.0080	0.9891	-0.1414	0.0422
123605500	0.7798	0.3391	0.1476	0.0441	0.0012	-0.9990	0.1428	0.9897	0.0075	0.9888	-0.1430	0.0435
123605625	0.7794	0.3396	0.1486	0.0438	0.0035	-0.9990	0.1413	0.9899	0.0096	0.9890	-0.1416	0.0429
123605750	0.7799	0.3401	0.1471	0.0447	0.0014	-0.9990	0.1432	0.9897	0.0078	0.9887	-0.1434	0.0440
123605875	0.7792	0.3412	0.1479	0.0441	0.0025	-0.9990	0.1425	0.9898	0.0088	0.9888	-0.1427	0.0433
123606000	0.7792	0.3394	0.1477	0.0443	0.0026	-0.9990	0.1424	0.9898	0.0089	0.9888	-0.1427	0.0435
123606125	0.7790	0.3403	0.1478	0.0436	0.0027	-0.9990	0.1410	0.9900	0.0089	0.9890	-0.1413	0.0427
123606250	0.7790	0.3412	0.1463	0.0441	0.0034	-0.9990	0.1419	0.9898	0.0096	0.9889	-0.1421	0.0432
123606375	0.7785	0.3400	0.1473	0.0437	0.0015	-0.9990	0.1418	0.9899	0.0077	0.9889	-0.1420	0.0431
123606500	0.7791	0.3412	0.1473	0.0440	0.0016	-0.9990	0.1410	0.9900	0.0078	0.9890	-0.1412	0.0434
123606625	0.7788	0.3410	0.1475	0.0435	0.0015	-0.9991	0.1419	0.9898	0.0076	0.9889	-0.1421	0.0428
123606750	0.7790	0.3399	0.1475	0.0439	0.0009	-0.9990	0.1415	0.9899	0.0072	0.9890	-0.1416	0.0433
123606875	0.7794	0.3424	0.1470	0.0438	0.0006	-0.9990	0.1418	0.9899	0.0068	0.9889	-0.1419	0.0433
123607000	0.7797	0.3408	0.1459	0.0439	0.0007	-0.9990	0.1412	0.9900	0.0069	0.9890	-0.1414	0.0433
123607125	0.7798	0.3416	0.1471	0.0436	0.0007	-0.9990	0.1419	0.9899	0.0069	0.9889	-0.1420	0.0431
123607250	0.7794	0.3406	0.1465	0.0440	-0.0003	-0.9990	0.1421	0.9898	0.0059	0.9889	-0.1422	0.0436
123607375	0.7795	0.3393	0.1461	0.0447	0.0009	-0.9990	0.1421	0.9898	0.0073	0.9888	-0.1423	0.0442
123607500	0.7793	0.3382	0.1457	0.0437	0.0010	-0.9990	0.1405	0.9901	0.0071	0.9891	-0.1407	0.0431
123607625	0.7794	0.3379	0.1450	0.0447	0.0015	-0.9990	0.1413	0.9899	0.0078	0.9890	-0.1415	0.0440
123607750	0.7786	0.3352	0.1494	0.0440	0.0014	-0.9990	0.1424	0.9898	0.0076	0.9888	-0.1426	0.0434
123607875	0.7787	0.3330	0.1482	0.0437	0.0007	-0.9990	0.1415	0.9899	0.0069	0.9890	-0.1417	0.0432
123608000	0.7782	0.3326	0.1475	0.0441	0.0011	-0.9990	0.1415	0.9899	0.0074	0.9890	-0.1416	0.0435
123608125	0.7788	0.3326	0.1468	0.0438	-0.0005	-0.9990	0.1411	0.9900	0.0057	0.9890	-0.1412	0.0435
123608250	0.7785	0.3313	0.1476	0.0432	0.0013	-0.9991	0.1414	0.9899	0.0074	0.9890	-0.1416	0.0426
123608375	0.7783	0.3305	0.1473	0.0432	0.0012	-0.9991	0.1427	0.9897	0.0073	0.9888	-0.1429	0.0426
123608500	0.7784	0.3309	0.1475	0.0429	0.0011	-0.9991	0.1426	0.9897	0.0072	0.9888	-0.1428	0.0423
123608625	0.7776	0.3287	0.1468	0.0435	0.0020	-0.9990	0.1414	0.9899	0.0082	0.9890	-0.1416	0.0428
123608750	0.7787	0.3277	0.1476	0.0433	0.0013	-0.9991	0.1416	0.9899	0.0074	0.9890	-0.1418	0.0427
123608875	0.7793	0.3287	0.1480	0.0428	0.0008	-0.9991	0.1416	0.9899	0.0068	0.9890	-0.1418	0.0423
123609000	0.7781	0.3263	0.1493	0.0433	0.0020	-0.9991	0.1410	0.9900	0.0081	0.9891	-0.1412	0.0426
123609125	0.7790	0.3275	0.1489	0.0428	0.0004	-0.9991	0.1423	0.9898	0.0064	0.9889	-0.1425	0.0423
123609250	0.7784	0.3260	0.1479	0.0427	0.0013	-0.9991	0.1415	0.9899	0.0074	0.9890	-0.1417	0.0421
123609375	0.7787	0.3265	0.1492	0.0430	0.0021	-0.9991	0.1416	0.9899	0.0082	0.9890	-0.1418	0.0423
123609500	0.7796	0.3260	0.1487	0.0422	0.0008	-0.9991	0.1421	0.9898	0.0068	0.9890	-0.1422	0.0416
123609625	0.7793	0.3252	0.1494	0.0429	0.0022	-0.9991	0.1412	0.9899	0.0082	0.9890	-0.1415	0.0422
123609750	0.7788	0.3304	0.1508	0.0433	0.0018	-0.9991	0.1430	0.9897	0.0080	0.9888	-0.1432	0.0426
123609875	0.7792	0.3325	0.1512	0.0430	0.0028	-0.9991	0.1425	0.9898	0.0089	0.9889	-0.1427	0.0422
123610000	0.7788	0.3319	0.1510	0.0436	0.0024	-0.9990	0.1414	0.9899	0.0085	0.9890	-0.1416	0.0428
123610125	0.7792	0.3339	0.1507	0.0434	0.0027	-0.9991	0.1420	0.9898	0.0089	0.9889	-0.1423	0.0426
123610250	0.7784	0.3310	0.1503	0.0440	0.0016	-0.9990	0.1416	0.9899	0.0078	0.9889	-0.1418	0.0433
123610375	0.7789	0.3331	0.1513	0.0435	0.0018	-0.9991	0.1426	0.9898	0.0079	0.9888	-0.1428	0.0428
123610500	0.7790	0.3338	0.1512	0.0434	0.0003	-0.9991	0.1434	0.9896	0.0065	0.9887	-0.1436	0.0429
123610625	0.7791	0.3339	0.1508	0.0431	0.0007	-0.9991	0.1429	0.9897	0.0069	0.9888	-0.1431	0.0426
123610750	0.7785	0.3369	0.1522	0.0443	0.0021	-0.9990	0.1430	0.9897	0.0084	0.9887	-0.1433	0.0435
123610875	0.7791	0.3403	0.1514	0.0438	0.0006	-0.9990	0.1436	0.9896	0.0069	0.9887	-0.1438	0.0433
123611000	0.7781	0.3386	0.1507	0.0443	0.0017	-0.9990	0.1421	0.9898	0.0080	0.9889	-0.1423	0.0436
123611125	0.7788	0.3390	0.1502	0.0443	0.0006	-0.9990	0.1426	0.9898	0.0069	0.9888	-0.1427	0.0438
123611250	0.7789	0.3416	0.1505	0.0444	0.0000	-0.9990	0.1432	0.9897	0.0064	0.9887	-0.1433	0.0439
123611375	0.7789	0.3414	0.1505	0.0441	0.0015	-0.9990	0.1423	0.9898	0.0078	0.9888	-0.1425	0.0434
123611500	0.7791	0.3416	0.1497	0.0441	0.0016	-0.9990	0.1427	0.9897	0.0079	0.9888	-0.1429	0.0434
123611625	0.7783	0.3413	0.1509	0.0442	0.0015	-0.9990	0.1422	0.9898	0.0078	0.9889	-0.1424	0.0435
123611750	0.7791	0.3422	0.1498	0.0435	0.0032	-0.9990	0.1425	0.9898	0.0094	0.9888	-0.1428	0.0426
123611875	0.7793	0.3433	0.1496	0.0436	0.0017	-0.9990	0.1430	0.9897	0.0079	0.9888	-0.1432	0.0429
123612000	0.7789	0.3430	0.1499	0.0441	0.0013	-0.9990	0.1439	0.9896	0.0076	0.9886	-0.1440	0.0434
123612125	0.7792	0.3433	0.1494	0.0438	0.0019	-0.9990	0.1430	0.9897	0.0082	0.9888	-0.1432	0.0431
123612250	0.7786	0.3436	0.1500	0.0440	0.0023	-0.9990	0.1433	0.9896	0.0086	0.9887	-0.1435	0.0433
123612375	0.7792	0.3442	0.1500	0.0437	0.0015	-0.9990	0.1437	0.9896	0.0078	0.9887	-0.1439	0.0430
123612500	0.7791	0.3437	0.1500	0.0439	0.0009	-0.9990	0.1413	0.9899	0.0072	0.9890	-0.1415	0.0434
123612625	0.7792	0.3443	0.1493	0.0440	-0.0002	-0.9990	0.1409	0.9900	0.0060	0.9890	-0.1410	0.0436
123612750	0.7795	0.3445	0.1480	0.0442	-0.0012	-0.9990	0.1418	0.9899	0.0051	0.9889	-0.1419	0.0439
123612875	0.7790	0.3453	0.1480	0.0443	0.0002	-0.9990	0.1424	0.9898	0.0065	0.9888	-0.1425	0.0438
123613000	0.7792	0.3429	0.1486	0.0437	0.0002	-0.9990	0.1411	0.9900	0.0064	0.9890	-0.1413	0.0433
123613125	0.7790	0.3450	0.1487	0.0437	-0.0012	-0.9990	0.1437	0.9896	0.0051	0.9887	-0.1437	0.0435
123613250	0.7783	0.3443	0.1490	0.0440	-0.0004	-0.9990	0.1432	0.9897	0.0060	0.9887	-0.1434	0.0436
123613375	0.7789	0.3462	0.1467	0.0440	0.0000	-0.9990	0.1436	0.9896	0.0064	0.9887	-0.1438	0.0436
123613500	0.7783	0.3464	0.1478	0.0436	0.0006	-0.9990	0.1442	0.9895	0.0069	0.9886	-0.1443	0.0431
123613625	0.7782	0.3453	0.1479	0.0435	0.0003	-0.9991	0.1431	0.9897	0.0065	0.9888	-0.1432	0.0430
123613750	0.7794	0.3441	0.1473	0.0434	-0.0012	-0.9991	0.1431	0.9897	0.0050	0.9888	-0.1431	0.0432
123613875	0.7784	0.3425	0.1473	0.0431	0.0003	-0.9991	0.1428	0.9897	0.0065	0.9888	-0.1430	0.0426
123614000	0.7785	0.3436	0.1482	0.0432	-0.0003	-0.9991	0.1437	0.9896	0.0059	0.9887	-0.1439	0.0428
123614125	0.7789	0.3470	0.1476	0.0426	-0.0001	-0.9991	0.1450	0.9894	0.0060	0.9885	-0.1452	0.0421
123614250	0.7789	0.3443	0.1478	0.0430	0.0002	-0.9991	0.1434	0.9896	0.0063	0.9887	-0.1436	0.0425
123614375	0.7788	0.3457	0.1476	0.0433	-0.0007	-0.9991	0.1454	0.9894	0.0056	0.9884	-0.1455	0.0429
123614500	0.7791	0.3452	0.1464	0.0441	0.0012	-0.9990	0.1443	0.9895	0.0076	0.9885	-0.1445	0.0434
123614625	0.7781	0.3451	0.1457	0.0446	0.0001	-0.9990	0.1448	0.9894	0.0065	0.9885	-0.1449	0.0441
123614750	0.7786	0.3425	0.1459	0.0445	0.0013	-0.9990	0.1425	0.9898	0.0077	0.9888	-0.1427	0.0438
123614875	0.7791	0.3440	0.1463	0.0435	-0.0008	-0.9991	0.1425	0.9898	0.0054	0.9888	-0.1426	0.0432
123615000	0.7788	0.3429	0.1444	0.0454	-0.0001	-0.9990	0.1420	0.9898	0.0063	0.9888	-0.1421	0.0450
123615125	0.7788	0.3443	0.1445	0.0446	-0.0007	-0.9990	0.1429	0.9897	0.0057	0.9887	-0.1430	0.0443
123615250	0.7784	0.3448	0.1457	0.0438	-0.0008	-0.9990	0.1428	0.9897	0.0055	0.9888	-0.1429	0.0435
123615375	0.7783	0.3436	0.1429	0.0445	-0.0007	-0.9990	0.1415	0.9899	0.0056	0.9889	-0.1416	0.0441
123615500	0.7782	0.3440	0.1436	0.0443	-0.0008	-0.9990	0.1417	0.9899	0.0055	0.9889	-0.1419	0.0439
123615625	0.7778	0.3429	0.1436	0.0446	-0.0003	-0.9990	0.1431	0.9897	0.0061	0.9887	-0.1433	0.0442
123615750	0.7780	0.3418	0.1444	0.0425	0.0003	-0.9991	0.1434	0.9896	0.0064	0.9888	-0.1435	0.0420
123615875	0.7782	0.3423	0.1460	0.0436	0.0008	-0.9990	0.1465	0.9892	0.0072	0.9882	-0.1467	0.0430
123616000	0.7786	0.3425	0.1437	0.0442	0.0001	-0.9990	0.1465	0.9892	0.0066	0.9882	-0.1467	0.0437
123616125	0.7779	0.3424	0.1438	0.0444	0.0019	-0.9990	0.1459	0.9893	0.0084	0.9883	-0.1461	0.0437
123616250	0.7780	0.3419	0.1436	0.0444	0.0007	-0.9990	0.1458	0.9893	0.0072	0.9883	-0.1460	0.0439
123616375	0.7778	0.3408	0.1416	0.0444	0.0007	-0.9990	0.1449	0.9894	0.0071	0.9884	-0.1451	0.0438
123616500	0.7786	0.3420	0.1415	0.0443	0.0007	-0.9990	0.1448	0.9894	0.0071	0.9885	-0.1449	0.0437
123616625	0.7776	0.3411	0.1405	0.0442	0.0003	-0.9990	0.1439	0.9896	0.0067	0.9886	-0.1441	0.0437
123616750	0.7789	0.3429	0.1376	0.0460	-0.0006	-0.9989	0.1445	0.9895	0.0061	0.9884	-0.1446	0.0456
123616875	0.7800	0.3440	0.1408	0.0444	-0.0012	-0.9990	0.1446	0.9895	0.0052	0.9885	-0.1447	0.0441
123617000	0.7792	0.3428	0.1395	0.0449	-0.0000	-0.9990	0.1445	0.9895	0.0065	0.9885	-0.1447	0.0445
123617125	0.7793	0.3419	0.1396	0.0447	0.0004	-0.9990	0.1439	0.9896	0.0068	0.9886	-0.1441	0.0441
123617250	0.7793	0.3431	0.1385	0.0461	0.0003	-0.9989	0.1460	0.9893	0.0070	0.9882	-0.1461	0.0456
123617375	0.7793	0.3438	0.1386	0.0457	-0.0001	-0.9990	0.1462	0.9892	0.0066	0.9882	-0.1463	0.0452
123617500	0.7788	0.3434	0.1376	0.0458	0.0002	-0.9989	0.1449	0.9894	0.0068	0.9884	-0.1450	0.0453
123617625	0.7787	0.3452	0.1381	0.0457	-0.0001	-0.9990	0.1447	0.9894	0.0065	0.9884	-0.1449	0.0453
123617750	0.7780	0.3439	0.1377	0.0458	0.0001	-0.9989	0.1446	0.9895	0.0067	0.9884	-0.1447	0.0453
123617875	0.7786	0.3419	0.1441	0.0438	0.0003	-0.9990	0.1439	0.9896	0.0066	0.9886	-0.1441	0.0433
123618000	0.7787	0.3415	0.1446	0.0442	-0.0012	-0.9990	0.1433	0.9897	0.0052	0.9887	-0.1434	0.0439
123618125	0.7791	0.3404	0.1450	0.0436	-0.0006	-0.9990	0.1411	0.9900	0.0055	0.9890	-0.1412	0.0433
123618250	0.7792	0.3407	0.1468	0.0431	0.0007	-0.9991	0.1431	0.9897	0.0069	0.9888	-0.1432	0.0425
123618375	0.7793	0.3414	0.1441	0.0443	0.0013	-0.9990	0.1420	0.9898	0.0076	0.9889	-0.1422	0.0437
123618500	0.7793	0.3395	0.1451	0.0440	0.0009	-0.9990	0.1416	0.9899	0.0071	0.9889	-0.1418	0.0435
123618625	0.7791	0.3411	0.1449	0.0437	0.0022	-0.9990	0.1432	0.9897	0.0085	0.9887	-0.1434	0.0429
123618750	0.7801	0.3415	0.1443	0.0438	0.0004	-0.9990	0.1435	0.9896	0.0067	0.9887	-0.1437	0.0433
123618875	0.7803	0.3403	0.1468	0.0441	0.0033	-0.9990	0.1427	0.9897	0.0095	0.9888	-0.1429	0.0432
123619000	0.7808	0.3415	0.1473	0.0450	0.0035	-0.9990	0.1424	0.9898	0.0099	0.9888	-0.1427	0.0440
123619125	0.7811	0.3424	0.1455	0.0453	0.0036	-0.9990	0.1422	0.9898	0.0101	0.9888	-0.1425	0.0443
123619250	0.7811	0.3429	0.1461	0.0455	0.0037	-0.9990	0.1432	0.9896	0.0101	0.9886	-0.1435	0.0445
123619375	0.7811	0.3415	0.1474	0.0444	0.0035	-0.9990	0.1424	0.9898	0.0098	0.9888	-0.1427	0.0434
123619500	0.7810	0.3414	0.1474	0.0452	0.0031	-0.9990	0.1428	0.9897	0.0095	0.9887	-0.1431	0.0443
123619625	0.7810	0.3429	0.1482	0.0444	0.0021	-0.9990	0.1435	0.9896	0.0084	0.9887	-0.1437	0.0436
123619750	0.7807	0.3426	0.1465	0.0458	0.0024	-0.9989	0.1425	0.9898	0.0089	0.9887	-0.1428	0.0450
123619875	0.7799	0.3439	0.1469	0.0453	0.0012	-0.9990	0.1438	0.9896	0.0077	0.9886	-0.1440	0.0446
123620000	0.7804	0.3433	0.1460	0.0450	0.0005	-0.9990	0.1416	0.9899	0.0068	0.9889	-0.1418	0.0445
123620125	0.7807	0.3442	0.1465	0.0447	-0.0000	-0.9990	0.1424	0.9898	0.0064	0.9888	-0.1426	0.0443
123620250	0.7801	0.3442	0.1479	0.0444	0.0005	-0.9990	0.1428	0.9897	0.0069	0.9888	-0.1429	0.0439
123620375	0.7809	0.3439	0.1475	0.0447	0.0005	-0.9990	0.1425	0.9898	0.0069	0.9888	-0.1427	0.0442
123620500	0.7809	0.3431	0.1495	0.0429	0.0016	-0.9991	0.1417	0.9899	0.0076	0.9890	-0.1419	0.0422
123620625	0.7806	0.3443	0.1477	0.0449	-0.0004	-0.9990	0.1428	0.9897	0.0060	0.9887	-0.1429	0.0445
123620750	0.7808	0.3430	0.1476	0.0450	0.0006	-0.9990	0.1438	0.9896	0.0070	0.9886	-0.1440	0.0444
123620875	0.7801	0.3438	0.1464	0.0453	0.0007	-0.9990	0.1449	0.9894	0.0072	0.9884	-0.1451	0.0447
123621000	0.7804	0.3436	0.1458	0.0455	0.0006	-0.9990	0.1435	0.9896	0.0071	0.9886	-0.1437	0.0449
123621125	0.7800	0.3440	0.1450	0.0455	-0.0005	-0.9990	0.1452	0.9894	0.0061	0.9884	-0.1453	0.0450
123621250	0.7797	0.3420	0.1470	0.0445	0.0021	-0.9990	0.1431	0.9897	0.0084	0.9887	-0.1434	0.0437
123621375	0.7797	0.3407	0.1475	0.0439	0.0023	-0.9990	0.1424	0.9898	0.0086	0.9888	-0.1427	0.0431
123621500	0.7799	0.3391	0.1497	0.0423	0.0044	-0.9991	0.1420	0.9898	0.0104	0.9890	-0.1423	0.0412
123621625	0.7806	0.3414	0.1498	0.0428	0.0035	-0.9991	0.1431	0.9897	0.0096	0.9888	-0.1433	0.0418
123621750	0.7803	0.3386	0.1494	0.0428	0.0040	-0.9991	0.1410	0.9900	0.0100	0.9891	-0.1413	0.0418
123621875	0.7804	0.3392	0.1483	0.0432	0.0019	-0.9991	0.1412	0.9899	0.0080	0.9890	-0.1414	0.0425
123622000	0.7798	0.3408	0.1493	0.0433	0.0008	-0.9991	0.1413	0.9899	0.0069	0.9890	-0.1415	0.0428
123622125	0.7798	0.3405	0.1489	0.0430	0.0025	-0.9991	0.1418	0.9899	0.0086	0.9890	-0.1420	0.0422
123622250	0.7802	0.3402	0.1496	0.0425	0.0014	-0.9991	0.1425	0.9898	0.0074	0.9889	-0.1427	0.0419
123622375	0.7805	0.3422	0.1487	0.0420	0.0000	-0.9991	0.1439	0.9896	0.0061	0.9887	-0.1441	0.0415
123622500	0.7806	0.3404	0.1488	0.0421	-0.0004	-0.9991	0.1427	0.9898	0.0056	0.9889	-0.1428	0.0417
123622625	0.7803	0.3424	0.1482	0.0427	-0.0009	-0.9991	0.1439	0.9896	0.0052	0.9887	-0.1439	0.0423
123622750	0.7801	0.3411	0.1482	0.0431	-0.0006	-0.9991	0.1427	0.9897	0.0056	0.9888	-0.1429	0.0428
123622875	0.7808	0.3423	0.1477	0.0418	-0.0010	-0.9991	0.1439	0.9896	0.0050	0.9887	-0.1440	0.0415
123623000	0.7807	0.3427	0.1491	0.0416	-0.0018	-0.9991	0.1447	0.9895	0.0042	0.9886	-0.1447	0.0414
123623125	0.7813	0.3431	0.1473	0.0429	-0.0014	-0.9991	0.1434	0.9897	0.0048	0.9887	-0.1435	0.0427
123623250	0.7807	0.3429	0.1477	0.0432	-0.0008	-0.9991	0.1436	0.9896	0.0054	0.9887	-0.1437	0.0429
123623375	0.7804	0.3440	0.1478	0.0439	0.0014	-0.9990	0.1437	0.9896	0.0077	0.9886	-0.1439	0.0433
123623500	0.7804	0.3419	0.1472	0.0437	0.0014	-0.9990	0.1430	0.9897	0.0076	0.9888	-0.1432	0.0430
123623625	0.7804	0.3429	0.1469	0.0435	0.0015	-0.9991	0.1437	0.9896	0.0077	0.9887	-0.1439	0.0428
123623750	0.7799	0.3428	0.1451	0.0444	0.0017	-0.9990	0.1418	0.9899	0.0080	0.9889	-0.1420	0.0437
123623875	0.7808	0.3449	0.1441	0.0442	0.0016	-0.9990	0.1436	0.9896	0.0079	0.9887	-0.1438	0.0435
123624000	0.7797	0.3427	0.1470	0.0445	0.0019	-0.9990	0.1408	0.9900	0.0081	0.9890	-0.1411	0.0438
123624125	0.7795	0.3433	0.1467	0.0442	0.0014	-0.9990	0.1412	0.9900	0.0076	0.9890	-0.1414	0.0436
123624250	0.7796	0.3452	0.1443	0.0444	-0.0001	-0.9990	0.1423	0.9898	0.0062	0.9888	-0.1424	0.0440
123624375	0.7790	0.3460	0.1443	0.0450	0.0008	-0.9990	0.1425	0.9898	0.0073	0.9888	-0.1427	0.0444
123624500	0.7799	0.3474	0.1459	0.0428	0.0008	-0.9991	0.1435	0.9896	0.0070	0.9887	-0.1437	0.0423
123624625	0.7791	0.3458	0.1448	0.0438	0.0020	-0.9990	0.1435	0.9896	0.0083	0.9887	-0.1437	0.0431
123624750	0.7787	0.3470	0.1439	0.0438	0.0009	-0.9990	0.1450	0.9894	0.0073	0.9885	-0.1451	0.0432
123624875	0.7792	0.3475	0.1420	0.0435	-0.0000	-0.9991	0.1446	0.9895	0.0063	0.9885	-0.1447	0.0430
123625000	0.7786	0.3451	0.1432	0.0427	0.0020	-0.9991	0.1451	0.9894	0.0082	0.9885	-0.1453	0.0420
123625125	0.7775	0.3439	0.1423	0.0437	0.0036	-0.9990	0.1435	0.9896	0.0098	0.9887	-0.1438	0.0428
123625250	0.7779	0.3442	0.1417	0.0435	0.0027	-0.9990	0.1433	0.9896	0.0089	0.9887	-0.1436	0.0427
123625375	0.7780	0.3435	0.1408	0.0445	0.0013	-0.9990	0.1418	0.9899	0.0076	0.9889	-0.1420	0.0439
123625500	0.7778	0.3436	0.1406	0.0441	-0.0004	-0.9990	0.1412	0.9900	0.0058	0.9890	-0.1413	0.0437
123625625	0.7771	0.3435	0.1407	0.0435	0.0019	-0.9990	0.1404	0.9901	0.0080	0.9891	-0.1407	0.0428
123625750	0.7773	0.3447	0.1404	0.0438	0.0010	-0.9990	0.1413	0.9899	0.0072	0.9890	-0.1415	0.0432
123625875	0.7766	0.3456	0.1398	0.0434	0.0026	-0.9991	0.1420	0.9898	0.0087	0.9889	-0.1423	0.0426
123626000	0.7767	0.3445	0.1445	0.0424	0.0010	-0.9991	0.1424	0.9898	0.0070	0.9889	-0.1426	0.0419
123626125	0.7769	0.3431	0.1455	0.0412	0.0004	-0.9991	0.1426	0.9898	0.0063	0.9889	-0.1428	0.0408
123626250	0.7764	0.3448	0.1443	0.0423	0.0001	-0.9991	0.1451	0.9894	0.0062	0.9885	-0.1452	0.0419
123626375	0.7762	0.3467	0.1423	0.0433	-0.0007	-0.9991	0.1457	0.9893	0.0056	0.9884	-0.1458	0.0429
123626500	0.7771	0.3477	0.1439	0.0416	0.0007	-0.9991	0.1446	0.9895	0.0067	0.9886	-0.1448	0.0411
123626625	0.7754	0.3466	0.1452	0.0410	0.0014	-0.9992	0.1441	0.9895	0.0073	0.9887	-0.1443	0.0404
123626750	0.7751	0.3485	0.1422	0.0428	-0.0016	-0.9991	0.1463	0.9892	0.0046	0.9883	-0.1464	0.0426
123626875	0.7746	0.3492	0.1434	0.0431	-0.0001	-0.9991	0.1455	0.9893	0.0062	0.9884	-0.1456	0.0427
123627000	0.7766	0.3464	0.1463	0.0438	0.0005	-0.9990	0.1456	0.9893	0.0069	0.9884	-0.1458	0.0432
123627125	0.7761	0.3445	0.1467	0.0435	0.0008	-0.9991	0.1448	0.9894	0.0071	0.9885	-0.1450	0.0430
123627250	0.7761	0.3452	0.1474	0.0433	0.0005	-0.9991	0.1453	0.9894	0.0068	0.9884	-0.1454	0.0427
123627375	0.7752	0.3435	0.1430	0.0453	0.0004	-0.9990	0.1446	0.9895	0.0070	0.9885	-0.1447	0.0448
123627500	0.7753	0.3434	0.1475	0.0424	-0.0003	-0.9991	0.1446	0.9895	0.0058	0.9886	-0.1447	0.0420
123627625	0.7757	0.3436	0.1467	0.0425	-0.0022	-0.9991	0.1432	0.9897	0.0039	0.9888	-0.1432	0.0424
123627750	0.7755	0.3430	0.1455	0.0445	-0.0007	-0.9990	0.1441	0.9896	0.0057	0.9886	-0.1442	0.0442
123627875	0.7746	0.3400	0.1469	0.0438	0.0014	-0.9990	0.1419	0.9899	0.0076	0.9889	-0.1421	0.0432
123628000	0.7743	0.3409	0.1481	0.0432	0.0006	-0.9991	0.1423	0.9898	0.0067	0.9889	-0.1424	0.0426
123628125	0.7736	0.3395	0.1475	0.0433	0.0015	-0.9991	0.1424	0.9898	0.0077	0.9889	-0.1426	0.0427
