META	HEADER	GNSS location/orientation script
META	VERSION	1.0.0
META	FORMAT	ASCII
META	CONTENT	DEFAULT
META	END
iTOW	Origin_X	Origin_Y	Origin_Z	Basis_XX	Basis_XY	Basis_XZ	Basis_YX	Basis_YY	Basis_YZ	Basis_ZX	Basis_ZY	Basis_ZZ
123591125	-3.3416	-0.1224	-0.2281	-0.1648	0.0108	0.9863	-0.0212	0.9997	-0.0144	-0.9861	-0.0233	-0.1645
123591250	-3.3420	-0.1228	-0.2269	-0.1655	0.0110	0.9862	-0.0203	0.9997	-0.0146	-0.9860	-0.0225	-0.1652
123591375	-3.3420	-0.1232	-0.2277	-0.1665	0.0116	0.9860	-0.0201	0.9997	-0.0152	-0.9858	-0.0224	-0.1662
123591500	-3.3415	-0.1225	-0.2285	-0.1650	0.0118	0.9862	-0.0204	0.9997	-0.0154	-0.9861	-0.0227	-0.1647
123591625	-3.3414	-0.1220	-0.2273	-0.1623	0.0138	0.9866	-0.0230	0.9996	-0.0178	-0.9865	-0.0256	-0.1620
123591750	-3.3418	-0.1239	-0.2245	-0.1624	0.0122	0.9866	-0.0223	0.9996	-0.0161	-0.9865	-0.0246	-0.1621
123591875	-3.3419	-0.1252	-0.2225	-0.1632	0.0108	0.9865	-0.0222	0.9996	-0.0146	-0.9864	-0.0243	-0.1629
123592000	-3.3416	-0.1248	-0.2233	-0.1624	0.0087	0.9867	-0.0231	0.9997	-0.0127	-0.9865	-0.0249	-0.1621
123592125	-3.3417	-0.1259	-0.2211	-0.1638	0.0094	0.9864	-0.0220	0.9997	-0.0131	-0.9862	-0.0239	-0.1636
123592250	-3.3421	-0.1252	-0.2221	-0.1623	0.0090	0.9867	-0.0224	0.9997	-0.0128	-0.9865	-0.0242	-0.1621
123592375	-3.3423	-0.1259	-0.2208	-0.1644	0.0112	0.9863	-0.0221	0.9996	-0.0150	-0.9861	-0.0242	-0.1641
123592500	-3.3423	-0.1269	-0.2193	-0.1633	0.0109	0.9865	-0.0232	0.9996	-0.0149	-0.9863	-0.0253	-0.1630
123592625	-3.3419	-0.1252	-0.2192	-0.1635	0.0128	0.9865	-0.0248	0.9995	-0.0171	-0.9862	-0.0272	-0.1632
123592750	-3.3424	-0.1260	-0.2198	-0.1640	0.0120	0.9864	-0.0239	0.9996	-0.0161	-0.9862	-0.0262	-0.1636
123592875	-3.3423	-0.1246	-0.2227	-0.1606	0.0134	0.9869	-0.0270	0.9995	-0.0179	-0.9867	-0.0295	-0.1601
123593000	-3.3427	-0.1250	-0.2205	-0.1637	0.0111	0.9865	-0.0258	0.9995	-0.0155	-0.9862	-0.0280	-0.1633
123593125	-3.3429	-0.1256	-0.2205	-0.1635	0.0107	0.9865	-0.0259	0.9996	-0.0151	-0.9862	-0.0280	-0.1632
123593250	-3.3430	-0.1270	-0.2184	-0.1644	0.0100	0.9863	-0.0244	0.9996	-0.0142	-0.9861	-0.0264	-0.1641
123593375	-3.3431	-0.1264	-0.2214	-0.1626	0.0109	0.9866	-0.0262	0.9995	-0.0154	-0.9863	-0.0284	-0.1622
123593500	-3.3430	-0.1275	-0.2206	-0.1635	0.0108	0.9865	-0.0253	0.9996	-0.0151	-0.9862	-0.0274	-0.1632
123593625	-3.3432	-0.1267	-0.2212	-0.1603	0.0124	0.9870	-0.0253	0.9995	-0.0167	-0.9867	-0.0277	-0.1599
123593750	-3.3433	-0.1278	-0.2207	-0.1621	0.0116	0.9867	-0.0253	0.9996	-0.0159	-0.9864	-0.0275	-0.1617
123593875	-3.3435	-0.1278	-0.2209	-0.1615	0.0115	0.9868	-0.0238	0.9996	-0.0155	-0.9866	-0.0260	-0.1612
123594000	-3.3434	-0.1275	-0.2197	-0.1625	0.0125	0.9866	-0.0228	0.9996	-0.0164	-0.9864	-0.0252	-0.1622
123594125	-3.3435	-0.1265	-0.2195	-0.1623	0.0131	0.9867	-0.0215	0.9996	-0.0168	-0.9865	-0.0239	-0.1619
123594250	-3.3435	-0.1275	-0.2205	-0.1626	0.0128	0.9866	-0.0219	0.9996	-0.0166	-0.9864	-0.0243	-0.1623
123594375	-3.3440	-0.1279	-0.2184	-0.1631	0.0139	0.9865	-0.0219	0.9996	-0.0177	-0.9864	-0.0245	-0.1627
123594500	-3.3440	-0.1285	-0.2199	-0.1617	0.0128	0.9868	-0.0213	0.9996	-0.0165	-0.9866	-0.0237	-0.1613
123594625	-3.3445	-0.1284	-0.2201	-0.1612	0.0127	0.9868	-0.0227	0.9996	-0.0166	-0.9867	-0.0251	-0.1608
123594750	-3.3442	-0.1268	-0.2205	-0.1606	0.0116	0.9870	-0.0228	0.9996	-0.0155	-0.9868	-0.0250	-0.1602
123594875	-3.3446	-0.1255	-0.2216	-0.1598	0.0120	0.9871	-0.0241	0.9996	-0.0161	-0.9869	-0.0264	-0.1594
123595000	-3.3439	-0.1246	-0.2205	-0.1620	0.0132	0.9867	-0.0220	0.9996	-0.0170	-0.9865	-0.0245	-0.1617
123595125	-3.3432	-0.1225	-0.2227	-0.1611	0.0117	0.9869	-0.0225	0.9996	-0.0155	-0.9867	-0.0247	-0.1607
123595250	-3.3440	-0.1212	-0.2226	-0.1609	0.0114	0.9869	-0.0222	0.9996	-0.0152	-0.9867	-0.0243	-0.1606
123595375	-3.3438	-0.1217	-0.2237	-0.1607	0.0109	0.9869	-0.0190	0.9997	-0.0142	-0.9868	-0.0211	-0.1604
123595500	-3.3452	-0.1217	-0.2232	-0.1606	0.0102	0.9870	-0.0186	0.9997	-0.0133	-0.9868	-0.0205	-0.1604
123595625	-3.3457	-0.1225	-0.2251	-0.1575	0.0076	0.9875	-0.0194	0.9998	-0.0107	-0.9873	-0.0209	-0.1573
123595750	-3.3462	-0.1214	-0.2249	-0.1584	0.0069	0.9874	-0.0209	0.9997	-0.0104	-0.9872	-0.0223	-0.1582
123595875	-3.3455	-0.1223	-0.2240	-0.1606	0.0078	0.9870	-0.0159	0.9998	-0.0105	-0.9869	-0.0174	-0.1604
123596000	-3.3438	-0.1252	-0.2251	-0.1651	0.0088	0.9862	-0.0175	0.9998	-0.0118	-0.9861	-0.0192	-0.1649
123596125	-3.3424	-0.1245	-0.2267	-0.1613	0.0115	0.9868	-0.0177	0.9997	-0.0145	-0.9868	-0.0198	-0.1610
123596250	-3.3429	-0.1240	-0.2231	-0.1650	0.0089	0.9862	-0.0171	0.9998	-0.0119	-0.9861	-0.0188	-0.1648
123596375	-3.3423	-0.1252	-0.2214	-0.1639	0.0099	0.9864	-0.0161	0.9998	-0.0127	-0.9863	-0.0180	-0.1637
123596500	-3.3430	-0.1232	-0.2187	-0.1619	0.0134	0.9867	-0.0198	0.9997	-0.0169	-0.9866	-0.0222	-0.1616
123596625	-3.3423	-0.1219	-0.2209	-0.1601	0.0135	0.9870	-0.0205	0.9996	-0.0170	-0.9869	-0.0230	-0.1598
123596750	-3.3423	-0.1222	-0.2200	-0.1619	0.0130	0.9867	-0.0205	0.9997	-0.0165	-0.9866	-0.0229	-0.1616
123596875	-3.3426	-0.1206	-0.2170	-0.1634	0.0090	0.9865	-0.0197	0.9997	-0.0124	-0.9864	-0.0215	-0.1632
123597000	-3.3430	-0.1231	-0.2147	-0.1676	0.0102	0.9858	-0.0176	0.9998	-0.0133	-0.9857	-0.0195	-0.1673
123597125	-3.3426	-0.1214	-0.2185	-0.1625	0.0094	0.9867	-0.0174	0.9998	-0.0124	-0.9866	-0.0192	-0.1623
123597250	-3.3426	-0.1227	-0.2202	-0.1589	0.0095	0.9872	-0.0154	0.9998	-0.0121	-0.9872	-0.0171	-0.1588
123597375	-3.3436	-0.1229	-0.2198	-0.1608	0.0077	0.9870	-0.0168	0.9998	-0.0106	-0.9869	-0.0183	-0.1606
123597500	-3.3419	-0.1223	-0.2206	-0.1571	0.0087	0.9875	-0.0164	0.9998	-0.0114	-0.9874	-0.0180	-0.1569
123597625	-3.3417	-0.1217	-0.2218	-0.1567	0.0084	0.9876	-0.0200	0.9997	-0.0117	-0.9875	-0.0216	-0.1564
123597750	-3.3428	-0.1201	-0.2177	-0.1609	0.0085	0.9869	-0.0209	0.9997	-0.0121	-0.9868	-0.0226	-0.1607
123597875	-3.3419	-0.1211	-0.2211	-0.1593	0.0079	0.9872	-0.0207	0.9997	-0.0114	-0.9870	-0.0223	-0.1591
123598000	-3.3413	-0.1221	-0.2206	-0.1590	0.0097	0.9872	-0.0203	0.9997	-0.0131	-0.9871	-0.0221	-0.1588
123598125	-3.3428	-0.1205	-0.2157	-0.1665	0.0094	0.9860	-0.0203	0.9997	-0.0129	-0.9858	-0.0222	-0.1662
123598250	-3.3433	-0.1228	-0.2170	-0.1643	0.0089	0.9864	-0.0218	0.9997	-0.0126	-0.9862	-0.0236	-0.1641
123598375	-3.3428	-0.1222	-0.2191	-0.1642	0.0105	0.9864	-0.0216	0.9997	-0.0142	-0.9862	-0.0236	-0.1639
123598500	-3.3428	-0.1239	-0.2212	-0.1605	0.0100	0.9870	-0.0218	0.9997	-0.0137	-0.9868	-0.0237	-0.1603
123598625	-3.3427	-0.1228	-0.2187	-0.1624	0.0109	0.9867	-0.0220	0.9996	-0.0146	-0.9865	-0.0241	-0.1621
123598750	-3.3429	-0.1228	-0.2193	-0.1609	0.0108	0.9869	-0.0224	0.9996	-0.0146	-0.9867	-0.0245	-0.1606
123598875	-3.3429	-0.1229	-0.2187	-0.1640	0.0114	0.9864	-0.0228	0.9996	-0.0153	-0.9862	-0.0250	-0.1637
123599000	-3.3431	-0.1225	-0.2174	-0.1640	0.0110	0.9864	-0.0234	0.9996	-0.0150	-0.9862	-0.0256	-0.1637
123599125	-3.3432	-0.1224	-0.2175	-0.1647	0.0098	0.9863	-0.0235	0.9996	-0.0139	-0.9861	-0.0255	-0.1644
123599250	-3.3436	-0.1259	-0.2184	-0.1627	0.0106	0.9866	-0.0217	0.9997	-0.0143	-0.9864	-0.0238	-0.1625
123599375	-3.3444	-0.1267	-0.2170	-0.1646	0.0126	0.9863	-0.0221	0.9996	-0.0165	-0.9861	-0.0245	-0.1642
123599500	-3.3451	-0.1268	-0.2162	-0.1656	0.0105	0.9861	-0.0228	0.9996	-0.0145	-0.9859	-0.0249	-0.1653
123599625	-3.3448	-0.1267	-0.2178	-0.1644	0.0116	0.9863	-0.0219	0.9996	-0.0154	-0.9862	-0.0241	-0.1641
123599750	-3.3451	-0.1264	-0.2164	-0.1634	0.0112	0.9865	-0.0222	0.9996	-0.0150	-0.9863	-0.0244	-0.1631
123599875	-3.3457	-0.1266	-0.2161	-0.1659	0.0112	0.9861	-0.0236	0.9996	-0.0154	-0.9859	-0.0258	-0.1656
123600000	-3.3458	-0.1275	-0.2161	-0.1647	0.0129	0.9863	-0.0220	0.9996	-0.0167	-0.9861	-0.0244	-0.1643
123600125	-3.3461	-0.1279	-0.2155	-0.1658	0.0130	0.9861	-0.0218	0.9996	-0.0169	-0.9859	-0.0243	-0.1654
123600250	-3.3455	-0.1264	-0.2158	-0.1667	0.0138	0.9859	-0.0217	0.9996	-0.0176	-0.9858	-0.0244	-0.1663
123600375	-3.3460	-0.1274	-0.2163	-0.1660	0.0140	0.9860	-0.0222	0.9996	-0.0179	-0.9859	-0.0248	-0.1657
123600500	-3.3456	-0.1277	-0.2159	-0.1656	0.0137	0.9861	-0.0215	0.9996	-0.0175	-0.9860	-0.0241	-0.1652
123600625	-3.3456	-0.1276	-0.2148	-0.1675	0.0143	0.9858	-0.0225	0.9996	-0.0183	-0.9856	-0.0253	-0.1671
123600750	-3.3456	-0.1261	-0.2147	-0.1655	0.0124	0.9861	-0.0235	0.9996	-0.0166	-0.9859	-0.0259	-0.1651
123600875	-3.3451	-0.1265	-0.2149	-0.1658	0.0121	0.9861	-0.0218	0.9996	-0.0159	-0.9859	-0.0242	-0.1655
123601000	-3.3448	-0.1267	-0.2155	-0.1649	0.0128	0.9862	-0.0220	0.9996	-0.0167	-0.9861	-0.0245	-0.1645
123601125	-3.3448	-0.1251	-0.2173	-0.1617	0.0114	0.9868	-0.0249	0.9996	-0.0157	-0.9865	-0.0271	-0.1613
123601250	-3.3442	-0.1256	-0.2193	-0.1596	0.0113	0.9871	-0.0259	0.9995	-0.0156	-0.9868	-0.0280	-0.1592
123601375	-3.3433	-0.1233	-0.2197	-0.1607	0.0110	0.9869	-0.0258	0.9995	-0.0154	-0.9867	-0.0280	-0.1603
123601500	-3.3431	-0.1231	-0.2201	-0.1617	0.0111	0.9868	-0.0257	0.9996	-0.0154	-0.9865	-0.0278	-0.1613
123601625	-3.3431	-0.1233	-0.2190	-0.1616	0.0114	0.9868	-0.0260	0.9995	-0.0158	-0.9865	-0.0282	-0.1612
123601750	-3.3432	-0.1230	-0.2199	-0.1604	0.0118	0.9870	-0.0253	0.9996	-0.0161	-0.9867	-0.0275	-0.1601
123601875	-3.3435	-0.1243	-0.2194	-0.1610	0.0113	0.9869	-0.0244	0.9996	-0.0154	-0.9867	-0.0265	-0.1606
123602000	-3.3428	-0.1244	-0.2191	-0.1612	0.0140	0.9868	-0.0247	0.9995	-0.0183	-0.9866	-0.0273	-0.1608
123602125	-3.3430	-0.1258	-0.2179	-0.1614	0.0130	0.9868	-0.0235	0.9996	-0.0170	-0.9866	-0.0259	-0.1610
123602250	-3.3426	-0.1250	-0.2177	-0.1613	0.0133	0.9868	-0.0248	0.9995	-0.0175	-0.9866	-0.0273	-0.1609
123602375	-3.3427	-0.1248	-0.2211	-0.1601	0.0126	0.9870	-0.0245	0.9996	-0.0168	-0.9868	-0.0268	-0.1597
123602500	-3.3421	-0.1257	-0.2184	-0.1624	0.0120	0.9866	-0.0242	0.9996	-0.0161	-0.9864	-0.0265	-0.1621
123602625	-3.3423	-0.1253	-0.2187	-0.1618	0.0117	0.9868	-0.0238	0.9996	-0.0157	-0.9865	-0.0260	-0.1614
123602750	-3.3415	-0.1258	-0.2185	-0.1614	0.0116	0.9868	-0.0237	0.9996	-0.0156	-0.9866	-0.0259	-0.1611
123602875	-3.3419	-0.1257	-0.2175	-0.1618	0.0116	0.9868	-0.0230	0.9996	-0.0155	-0.9866	-0.0252	-0.1615
123603000	-3.3412	-0.1252	-0.2180	-0.1617	0.0119	0.9868	-0.0239	0.9996	-0.0160	-0.9865	-0.0261	-0.1614
123603125	-3.3415	-0.1251	-0.2183	-0.1601	0.0122	0.9870	-0.0253	0.9995	-0.0164	-0.9868	-0.0276	-0.1597
123603250	-3.3411	-0.1246	-0.2183	-0.1599	0.0125	0.9871	-0.0244	0.9996	-0.0166	-0.9868	-0.0268	-0.1595
123603375	-3.3416	-0.1224	-0.2206	-0.1585	0.0132	0.9873	-0.0253	0.9995	-0.0175	-0.9870	-0.0278	-0.1580
123603500	-3.3415	-0.1231	-0.2194	-0.1606	0.0134	0.9869	-0.0239	0.9996	-0.0175	-0.9867	-0.0264	-0.1602
123603625	-3.3416	-0.1229	-0.2189	-0.1606	0.0121	0.9869	-0.0244	0.9996	-0.0162	-0.9867	-0.0267	-0.1603
123603750	-3.3410	-0.1234	-0.2181	-0.1607	0.0126	0.9869	-0.0233	0.9996	-0.0166	-0.9867	-0.0257	-0.1603
123603875	-3.3408	-0.1222	-0.2194	-0.1591	0.0135	0.9872	-0.0260	0.9995	-0.0179	-0.9869	-0.0285	-0.1587
123604000	-3.3408	-0.1223	-0.2194	-0.1593	0.0114	0.9872	-0.0252	0.9996	-0.0156	-0.9869	-0.0273	-0.1589
123604125	-3.3405	-0.1221	-0.2195	-0.1587	0.0124	0.9873	-0.0264	0.9995	-0.0168	-0.9870	-0.0287	-0.1583
123604250	-3.3403	-0.1210	-0.2196	-0.1587	0.0127	0.9872	-0.0262	0.9995	-0.0171	-0.9870	-0.0286	-0.1583
123604375	-3.3403	-0.1213	-0.2195	-0.1583	0.0113	0.9873	-0.0259	0.9995	-0.0156	-0.9871	-0.0280	-0.1579
123604500	-3.3408	-0.1209	-0.2201	-0.1577	0.0104	0.9874	-0.0265	0.9995	-0.0148	-0.9871	-0.0285	-0.1574
123604625	-3.3399	-0.1195	-0.2189	-0.1596	0.0118	0.9871	-0.0255	0.9995	-0.0161	-0.9869	-0.0277	-0.1592
123604750	-3.3418	-0.1192	-0.2199	-0.1603	0.0112	0.9870	-0.0253	0.9996	-0.0155	-0.9867	-0.0275	-0.1600
123604875	-3.3421	-0.1201	-0.2199	-0.1614	0.0128	0.9868	-0.0228	0.9996	-0.0167	-0.9866	-0.0252	-0.1610
123605000	-3.3418	-0.1181	-0.2203	-0.1607	0.0128	0.9869	-0.0237	0.9996	-0.0169	-0.9867	-0.0261	-0.1603
123605125	-3.3423	-0.1184	-0.2216	-0.1608	0.0135	0.9869	-0.0243	0.9995	-0.0176	-0.9867	-0.0268	-0.1604
123605250	-3.3423	-0.1181	-0.2215	-0.1612	0.0154	0.9868	-0.0234	0.9995	-0.0194	-0.9866	-0.0262	-0.1608
123605375	-3.3420	-0.1189	-0.2225	-0.1601	0.0152	0.9870	-0.0242	0.9995	-0.0194	-0.9868	-0.0270	-0.1597
123605500	-3.3422	-0.1200	-0.2220	-0.1601	0.0149	0.9870	-0.0261	0.9995	-0.0193	-0.9868	-0.0288	-0.1596
123605625	-3.3426	-0.1196	-0.2229	-0.1608	0.0156	0.9869	-0.0251	0.9995	-0.0199	-0.9867	-0.0280	-0.1604
123605750	-3.3424	-0.1195	-0.2229	-0.1597	0.0164	0.9870	-0.0246	0.9995	-0.0206	-0.9869	-0.0275	-0.1592
123605875	-3.3423	-0.1192	-0.2240	-0.1593	0.0163	0.9871	-0.0247	0.9995	-0.0205	-0.9869	-0.0277	-0.1589
123606000	-3.3421	-0.1195	-0.2234	-0.1597	0.0142	0.9871	-0.0235	0.9996	-0.0182	-0.9869	-0.0261	-0.1593
123606125	-3.3421	-0.1182	-0.2239	-0.1602	0.0150	0.9870	-0.0249	0.9995	-0.0192	-0.9868	-0.0276	-0.1597
123606250	-3.3422	-0.1179	-0.2251	-0.1605	0.0146	0.9869	-0.0237	0.9995	-0.0186	-0.9868	-0.0264	-0.1600
123606375	-3.3427	-0.1184	-0.2251	-0.1601	0.0135	0.9870	-0.0242	0.9996	-0.0176	-0.9868	-0.0267	-0.1597
123606500	-3.3428	-0.1189	-0.2251	-0.1607	0.0146	0.9869	-0.0239	0.9995	-0.0187	-0.9867	-0.0266	-0.1603
123606625	-3.3426	-0.1188	-0.2250	-0.1591	0.0132	0.9872	-0.0250	0.9995	-0.0174	-0.9869	-0.0275	-0.1587
123606750	-3.3424	-0.1187	-0.2249	-0.1594	0.0151	0.9871	-0.0248	0.9995	-0.0193	-0.9869	-0.0275	-0.1590
123606875	-3.3428	-0.1194	-0.2216	-0.1602	0.0151	0.9870	-0.0252	0.9995	-0.0193	-0.9868	-0.0280	-0.1598
123607000	-3.3430	-0.1214	-0.2209	-0.1600	0.0164	0.9870	-0.0243	0.9995	-0.0206	-0.9868	-0.0273	-0.1595
123607125	-3.3424	-0.1230	-0.2228	-0.1575	0.0153	0.9874	-0.0240	0.9995	-0.0193	-0.9872	-0.0268	-0.1570
123607250	-3.3423	-0.1224	-0.2236	-0.1572	0.0155	0.9875	-0.0251	0.9995	-0.0197	-0.9873	-0.0279	-0.1567
123607375	-3.3425	-0.1227	-0.2223	-0.1585	0.0159	0.9872	-0.0247	0.9995	-0.0201	-0.9871	-0.0276	-0.1580
123607500	-3.3429	-0.1255	-0.2226	-0.1596	0.0159	0.9871	-0.0235	0.9995	-0.0199	-0.9869	-0.0264	-0.1591
123607625	-3.3429	-0.1259	-0.2228	-0.1587	0.0164	0.9872	-0.0236	0.9995	-0.0204	-0.9870	-0.0266	-0.1583
123607750	-3.3433	-0.1260	-0.2227	-0.1577	0.0168	0.9873	-0.0240	0.9995	-0.0208	-0.9872	-0.0270	-0.1572
123607875	-3.3424	-0.1276	-0.2230	-0.1596	0.0148	0.9871	-0.0238	0.9995	-0.0189	-0.9869	-0.0265	-0.1592
123608000	-3.3422	-0.1269	-0.2233	-0.1576	0.0140	0.9874	-0.0246	0.9995	-0.0181	-0.9872	-0.0272	-0.1572
123608125	-3.3423	-0.1283	-0.2229	-0.1604	0.0138	0.9870	-0.0223	0.9996	-0.0176	-0.9868	-0.0249	-0.1600
123608250	-3.3421	-0.1297	-0.2218	-0.1609	0.0149	0.9869	-0.0229	0.9996	-0.0188	-0.9867	-0.0257	-0.1605
123608375	-3.3421	-0.1300	-0.2235	-0.1591	0.0132	0.9872	-0.0237	0.9996	-0.0172	-0.9870	-0.0261	-0.1587
123608500	-3.3422	-0.1302	-0.2233	-0.1592	0.0143	0.9871	-0.0233	0.9996	-0.0182	-0.9870	-0.0259	-0.1588
123608625	-3.3426	-0.1312	-0.2244	-0.1576	0.0129	0.9874	-0.0244	0.9996	-0.0169	-0.9872	-0.0267	-0.1572
123608750	-3.3424	-0.1320	-0.2252	-0.1569	0.0152	0.9875	-0.0237	0.9995	-0.0191	-0.9873	-0.0264	-0.1565
123608875	-3.3428	-0.1293	-0.2235	-0.1571	0.0118	0.9875	-0.0210	0.9997	-0.0153	-0.9874	-0.0232	-0.1568
123609000	-3.3425	-0.1286	-0.2247	-0.1569	0.0131	0.9875	-0.0210	0.9996	-0.0166	-0.9874	-0.0233	-0.1566
123609125	-3.3429	-0.1293	-0.2228	-0.1588	0.0139	0.9872	-0.0201	0.9996	-0.0173	-0.9871	-0.0226	-0.1584
123609250	-3.3432	-0.1299	-0.2235	-0.1592	0.0141	0.9872	-0.0204	0.9996	-0.0175	-0.9870	-0.0229	-0.1588
123609375	-3.3426	-0.1236	-0.2233	-0.1595	0.0147	0.9871	-0.0230	0.9996	-0.0186	-0.9869	-0.0257	-0.1591
123609500	-3.3423	-0.1233	-0.2229	-0.1599	0.0162	0.9870	-0.0226	0.9995	-0.0201	-0.9869	-0.0255	-0.1594
123609625	-3.3423	-0.1225	-0.2239	-0.1588	0.0157	0.9872	-0.0227	0.9996	-0.0196	-0.9870	-0.0255	-0.1584
123609750	-3.3423	-0.1230	-0.2224	-0.1609	0.0152	0.9868	-0.0225	0.9996	-0.0191	-0.9867	-0.0253	-0.1605
123609875	-3.3423	-0.1229	-0.2236	-0.1592	0.0147	0.9871	-0.0222	0.9996	-0.0185	-0.9870	-0.0248	-0.1588
123610000	-3.3424	-0.1235	-0.2219	-0.1610	0.0148	0.9868	-0.0218	0.9996	-0.0185	-0.9867	-0.0245	-0.1606
123610125	-3.3428	-0.1234	-0.2228	-0.1592	0.0150	0.9871	-0.0213	0.9996	-0.0186	-0.9870	-0.0240	-0.1589
123610250	-3.3424	-0.1244	-0.2219	-0.1602	0.0134	0.9870	-0.0216	0.9996	-0.0171	-0.9869	-0.0240	-0.1598
123610375	-3.3426	-0.1231	-0.2254	-0.1577	0.0152	0.9874	-0.0210	0.9996	-0.0188	-0.9873	-0.0237	-0.1573
123610500	-3.3422	-0.1221	-0.2249	-0.1584	0.0156	0.9873	-0.0223	0.9996	-0.0194	-0.9871	-0.0251	-0.1580
123610625	-3.3423	-0.1213	-0.2242	-0.1582	0.0155	0.9873	-0.0235	0.9995	-0.0194	-0.9871	-0.0262	-0.1578
123610750	-3.3423	-0.1216	-0.2236	-0.1599	0.0155	0.9870	-0.0241	0.9995	-0.0196	-0.9868	-0.0269	-0.1594
123610875	-3.3427	-0.1198	-0.2248	-0.1584	0.0146	0.9873	-0.0241	0.9995	-0.0187	-0.9871	-0.0268	-0.1580
123611000	-3.3430	-0.1204	-0.2244	-0.1590	0.0148	0.9872	-0.0237	0.9995	-0.0188	-0.9870	-0.0264	-0.1586
123611125	-3.3429	-0.1208	-0.2230	-0.1591	0.0150	0.9871	-0.0239	0.9995	-0.0190	-0.9870	-0.0266	-0.1587
123611250	-3.3432	-0.1203	-0.2243	-0.1591	0.0147	0.9871	-0.0231	0.9996	-0.0186	-0.9870	-0.0257	-0.1587
123611375	-3.3434	-0.1214	-0.2223	-0.1615	0.0148	0.9868	-0.0214	0.9996	-0.0185	-0.9866	-0.0241	-0.1611
123611500	-3.3432	-0.1192	-0.2242	-0.1599	0.0135	0.9870	-0.0237	0.9996	-0.0175	-0.9869	-0.0261	-0.1595
123611625	-3.3433	-0.1183	-0.2235	-0.1595	0.0135	0.9871	-0.0252	0.9995	-0.0178	-0.9869	-0.0277	-0.1591
123611750	-3.3438	-0.1178	-0.2228	-0.1602	0.0144	0.9870	-0.0238	0.9995	-0.0184	-0.9868	-0.0264	-0.1598
123611875	-3.3435	-0.1175	-0.2227	-0.1607	0.0126	0.9869	-0.0240	0.9996	-0.0167	-0.9867	-0.0264	-0.1603
123612000	-3.3431	-0.1162	-0.2233	-0.1598	0.0157	0.9870	-0.0236	0.9995	-0.0197	-0.9869	-0.0264	-0.1593
123612125	-3.3433	-0.1171	-0.2219	-0.1628	0.0146	0.9866	-0.0228	0.9996	-0.0186	-0.9864	-0.0255	-0.1624
123612250	-3.3436	-0.1189	-0.2237	-0.1609	0.0146	0.9869	-0.0228	0.9996	-0.0185	-0.9867	-0.0255	-0.1605
123612375	-3.3426	-0.1192	-0.2240	-0.1602	0.0159	0.9870	-0.0254	0.9995	-0.0202	-0.9868	-0.0283	-0.1597
123612500	-3.3419	-0.1187	-0.2231	-0.1604	0.0158	0.9869	-0.0252	0.9995	-0.0201	-0.9867	-0.0281	-0.1599
123612625	-3.3433	-0.1199	-0.2219	-0.1611	0.0150	0.9868	-0.0233	0.9995	-0.0190	-0.9867	-0.0261	-0.1606
123612750	-3.3424	-0.1178	-0.2230	-0.1597	0.0146	0.9871	-0.0260	0.9995	-0.0190	-0.9868	-0.0287	-0.1592
123612875	-3.3423	-0.1165	-0.2247	-0.1584	0.0155	0.9873	-0.0262	0.9995	-0.0199	-0.9870	-0.0290	-0.1579
123613000	-3.3428	-0.1176	-0.2227	-0.1604	0.0173	0.9869	-0.0247	0.9995	-0.0215	-0.9868	-0.0278	-0.1598
123613125	-3.3430	-0.1182	-0.2231	-0.1609	0.0156	0.9868	-0.0230	0.9995	-0.0196	-0.9867	-0.0259	-0.1605
123613250	-3.3426	-0.1175	-0.2239	-0.1595	0.0158	0.9871	-0.0238	0.9995	-0.0199	-0.9869	-0.0267	-0.1590
123613375	-3.3425	-0.1185	-0.2238	-0.1605	0.0170	0.9869	-0.0227	0.9995	-0.0209	-0.9868	-0.0258	-0.1601
123613500	-3.3426	-0.1212	-0.2227	-0.1611	0.0162	0.9868	-0.0197	0.9996	-0.0196	-0.9867	-0.0226	-0.1607
123613625	-3.3429	-0.1201	-0.2219	-0.1614	0.0138	0.9868	-0.0198	0.9997	-0.0173	-0.9867	-0.0223	-0.1611
123613750	-3.3423	-0.1188	-0.2218	-0.1598	0.0134	0.9871	-0.0228	0.9996	-0.0172	-0.9869	-0.0252	-0.1594
123613875	-3.3429	-0.1197	-0.2228	-0.1591	0.0138	0.9872	-0.0219	0.9996	-0.0175	-0.9870	-0.0244	-0.1587
123614000	-3.3429	-0.1197	-0.2218	-0.1603	0.0147	0.9870	-0.0218	0.9996	-0.0184	-0.9868	-0.0245	-0.1599
123614125	-3.3433	-0.1185	-0.2235	-0.1590	0.0130	0.9872	-0.0232	0.9996	-0.0169	-0.9870	-0.0255	-0.1586
123614250	-3.3437	-0.1193	-0.2228	-0.1596	0.0132	0.9871	-0.0233	0.9996	-0.0171	-0.9869	-0.0257	-0.1592
123614375	-3.3439	-0.1210	-0.2230	-0.1605	0.0115	0.9870	-0.0223	0.9996	-0.0153	-0.9868	-0.0244	-0.1602
123614500	-3.3443	-0.1206	-0.2222	-0.1613	0.0106	0.9869	-0.0242	0.9996	-0.0147	-0.9866	-0.0262	-0.1610
123614625	-3.3447	-0.1213	-0.2235	-0.1604	0.0111	0.9870	-0.0259	0.9995	-0.0154	-0.9867	-0.0280	-0.1600
123614750	-3.3447	-0.1210	-0.2239	-0.1593	0.0110	0.9872	-0.0263	0.9995	-0.0154	-0.9869	-0.0284	-0.1589
123614875	-3.3444	-0.1197	-0.2257	-0.1574	0.0118	0.9875	-0.0260	0.9995	-0.0161	-0.9872	-0.0283	-0.1570
123615000	-3.3448	-0.1193	-0.2256	-0.1581	0.0121	0.9874	-0.0241	0.9996	-0.0161	-0.9871	-0.0263	-0.1577
123615125	-3.3450	-0.1185	-0.2261	-0.1572	0.0131	0.9875	-0.0234	0.9996	-0.0169	-0.9873	-0.0258	-0.1569
123615250	-3.3446	-0.1162	-0.2262	-0.1569	0.0145	0.9875	-0.0240	0.9995	-0.0185	-0.9873	-0.0266	-0.1565
123615375	-3.3447	-0.1171	-0.2284	-0.1554	0.0137	0.9878	-0.0249	0.9995	-0.0178	-0.9875	-0.0273	-0.1550
123615500	-3.3428	-0.1168	-0.2274	-0.1538	0.0121	0.9880	-0.0261	0.9995	-0.0163	-0.9878	-0.0282	-0.1534
123615625	-3.3426	-0.1164	-0.2265	-0.1554	0.0130	0.9878	-0.0259	0.9995	-0.0173	-0.9875	-0.0283	-0.1550
123615750	-3.3428	-0.1169	-0.2263	-0.1575	0.0143	0.9874	-0.0239	0.9995	-0.0183	-0.9872	-0.0265	-0.1571
123615875	-3.3434	-0.1178	-0.2260	-0.1593	0.0152	0.9871	-0.0241	0.9995	-0.0192	-0.9869	-0.0269	-0.1589
123616000	-3.3439	-0.1190	-0.2247	-0.1622	0.0163	0.9866	-0.0225	0.9995	-0.0202	-0.9865	-0.0254	-0.1617
123616125	-3.3437	-0.1188	-0.2250	-0.1615	0.0151	0.9868	-0.0226	0.9996	-0.0190	-0.9866	-0.0253	-0.1611
123616250	-3.3436	-0.1191	-0.2229	-0.1635	0.0136	0.9864	-0.0215	0.9996	-0.0174	-0.9863	-0.0241	-0.1632
123616375	-3.3442	-0.1188	-0.2257	-0.1622	0.0141	0.9867	-0.0228	0.9996	-0.0180	-0.9865	-0.0254	-0.1618
123616500	-3.3430	-0.1187	-0.2239	-0.1617	0.0153	0.9867	-0.0220	0.9996	-0.0191	-0.9866	-0.0248	-0.1613
123616625	-3.3427	-0.1179	-0.2246	-0.1624	0.0134	0.9866	-0.0228	0.9996	-0.0174	-0.9865	-0.0253	-0.1621
123616750	-3.3425	-0.1185	-0.2271	-0.1590	0.0120	0.9872	-0.0227	0.9996	-0.0158	-0.9870	-0.0249	-0.1586
123616875	-3.3431	-0.1194	-0.2284	-0.1581	0.0106	0.9874	-0.0231	0.9996	-0.0145	-0.9872	-0.0251	-0.1578
123617000	-3.3434	-0.1184	-0.2289	-0.1596	0.0120	0.9871	-0.0226	0.9996	-0.0158	-0.9869	-0.0249	-0.1592
123617125	-3.3434	-0.1182	-0.2290	-0.1613	0.0143	0.9868	-0.0226	0.9996	-0.0182	-0.9866	-0.0253	-0.1609
123617250	-3.3433	-0.1179	-0.2289	-0.1608	0.0149	0.9869	-0.0228	0.9996	-0.0188	-0.9867	-0.0255	-0.1604
123617375	-3.3434	-0.1195	-0.2288	-0.1602	0.0154	0.9870	-0.0226	0.9996	-0.0192	-0.9868	-0.0254	-0.1598
123617500	-3.3438	-0.1202	-0.2266	-0.1634	0.0169	0.9864	-0.0216	0.9996	-0.0207	-0.9863	-0.0247	-0.1630
123617625	-3.3424	-0.1221	-0.2257	-0.1602	0.0156	0.9870	-0.0233	0.9995	-0.0196	-0.9868	-0.0261	-0.1598
123617750	-3.3423	-0.1224	-0.2250	-0.1585	0.0158	0.9872	-0.0219	0.9996	-0.0195	-0.9871	-0.0247	-0.1580
123617875	-3.3423	-0.1221	-0.2252	-0.1592	0.0140	0.9871	-0.0237	0.9996	-0.0180	-0.9870	-0.0263	-0.1588
123618000	-3.3430	-0.1209	-0.2241	-0.1600	0.0138	0.9870	-0.0225	0.9996	-0.0176	-0.9869	-0.0251	-0.1596
123618125	-3.3427	-0.1197	-0.2243	-0.1606	0.0135	0.9869	-0.0234	0.9996	-0.0175	-0.9867	-0.0260	-0.1602
123618250	-3.3430	-0.1207	-0.2244	-0.1613	0.0130	0.9868	-0.0222	0.9996	-0.0168	-0.9867	-0.0246	-0.1610
123618375	-3.3429	-0.1204	-0.2245	-0.1600	0.0125	0.9870	-0.0228	0.9996	-0.0164	-0.9869	-0.0251	-0.1596
123618500	-3.3429	-0.1200	-0.2240	-0.1604	0.0119	0.9870	-0.0239	0.9996	-0.0160	-0.9868	-0.0262	-0.1601
123618625	-3.3427	-0.1205	-0.2240	-0.1597	0.0117	0.9871	-0.0237	0.9996	-0.0157	-0.9869	-0.0259	-0.1593
123618750	-3.3415	-0.1209	-0.2251	-0.1606	0.0122	0.9869	-0.0261	0.9995	-0.0166	-0.9867	-0.0284	-0.1602
123618875	-3.3423	-0.1208	-0.2238	-0.1611	0.0118	0.9869	-0.0252	0.9996	-0.0161	-0.9866	-0.0274	-0.1608
123619000	-3.3416	-0.1200	-0.2243	-0.1606	0.0118	0.9869	-0.0263	0.9995	-0.0163	-0.9867	-0.0286	-0.1602
123619125	-3.3419	-0.1195	-0.2228	-0.1609	0.0112	0.9869	-0.0243	0.9996	-0.0153	-0.9867	-0.0264	-0.1606
123619250	-3.3413	-0.1188	-0.2248	-0.1607	0.0121	0.9869	-0.0261	0.9995	-0.0165	-0.9867	-0.0285	-0.1603
123619375	-3.3412	-0.1188	-0.2249	-0.1591	0.0095	0.9872	-0.0251	0.9996	-0.0136	-0.9869	-0.0270	-0.1588
123619500	-3.3413	-0.1189	-0.2225	-0.1617	0.0123	0.9868	-0.0244	0.9996	-0.0165	-0.9865	-0.0267	-0.1613
123619625	-3.3402	-0.1184	-0.2244	-0.1592	0.0124	0.9872	-0.0247	0.9996	-0.0165	-0.9869	-0.0270	-0.1588
123619750	-3.3410	-0.1190	-0.2227	-0.1588	0.0115	0.9872	-0.0249	0.9996	-0.0157	-0.9870	-0.0271	-0.1585
123619875	-3.3411	-0.1200	-0.2229	-0.1576	0.0127	0.9874	-0.0253	0.9995	-0.0169	-0.9872	-0.0276	-0.1572
123620000	-3.3410	-0.1199	-0.2215	-0.1581	0.0139	0.9873	-0.0254	0.9995	-0.0181	-0.9871	-0.0279	-0.1577
123620125	-3.3411	-0.1210	-0.2220	-0.1566	0.0142	0.9876	-0.0240	0.9995	-0.0182	-0.9874	-0.0266	-0.1562
123620250	-3.3413	-0.1204	-0.2214	-0.1572	0.0141	0.9875	-0.0254	0.9995	-0.0183	-0.9872	-0.0279	-0.1567
123620375	-3.3415	-0.1205	-0.2198	-0.1585	0.0159	0.9872	-0.0239	0.9995	-0.0200	-0.9871	-0.0268	-0.1580
123620500	-3.3416	-0.1213	-0.2197	-0.1607	0.0159	0.9869	-0.0234	0.9995	-0.0199	-0.9867	-0.0263	-0.1602
123620625	-3.3420	-0.1219	-0.2189	-0.1608	0.0169	0.9868	-0.0225	0.9995	-0.0208	-0.9867	-0.0255	-0.1603
123620750	-3.3425	-0.1193	-0.2210	-0.1605	0.0168	0.9869	-0.0224	0.9995	-0.0207	-0.9868	-0.0255	-0.1600
123620875	-3.3425	-0.1191	-0.2207	-0.1603	0.0151	0.9870	-0.0239	0.9995	-0.0192	-0.9868	-0.0266	-0.1598
123621000	-3.3428	-0.1205	-0.2207	-0.1604	0.0147	0.9869	-0.0232	0.9996	-0.0187	-0.9868	-0.0259	-0.1599
123621125	-3.3426	-0.1204	-0.2208	-0.1604	0.0139	0.9870	-0.0238	0.9996	-0.0179	-0.9868	-0.0264	-0.1600
123621250	-3.3427	-0.1202	-0.2203	-0.1600	0.0130	0.9870	-0.0251	0.9995	-0.0172	-0.9868	-0.0276	-0.1596
123621375	-3.3420	-0.1192	-0.2230	-0.1570	0.0132	0.9875	-0.0260	0.9995	-0.0175	-0.9873	-0.0284	-0.1565
123621500	-3.3419	-0.1192	-0.2229	-0.1573	0.0130	0.9875	-0.0260	0.9995	-0.0173	-0.9872	-0.0284	-0.1569
123621625	-3.3419	-0.1190	-0.2233	-0.1560	0.0130	0.9877	-0.0274	0.9995	-0.0175	-0.9874	-0.0298	-0.1556
123621750	-3.3410	-0.1176	-0.2210	-0.1575	0.0161	0.9874	-0.0272	0.9994	-0.0207	-0.9871	-0.0301	-0.1570
123621875	-3.3412	-0.1196	-0.2209	-0.1567	0.0138	0.9876	-0.0264	0.9995	-0.0181	-0.9873	-0.0290	-0.1562
123622000	-3.3404	-0.1180	-0.2219	-0.1579	0.0136	0.9874	-0.0279	0.9994	-0.0182	-0.9871	-0.0304	-0.1575
123622125	-3.3408	-0.1183	-0.2220	-0.1590	0.0145	0.9872	-0.0283	0.9994	-0.0193	-0.9869	-0.0310	-0.1585
123622250	-3.3409	-0.1179	-0.2203	-0.1593	0.0143	0.9871	-0.0275	0.9994	-0.0190	-0.9868	-0.0302	-0.1588
123622375	-3.3406	-0.1186	-0.2213	-0.1594	0.0134	0.9871	-0.0271	0.9995	-0.0180	-0.9868	-0.0297	-0.1589
123622500	-3.3405	-0.1185	-0.2203	-0.1603	0.0118	0.9870	-0.0272	0.9995	-0.0163	-0.9867	-0.0294	-0.1599
123622625	-3.3410	-0.1199	-0.2210	-0.1590	0.0110	0.9872	-0.0270	0.9995	-0.0155	-0.9869	-0.0291	-0.1586
123622750	-3.3413	-0.1196	-0.2214	-0.1569	0.0129	0.9875	-0.0274	0.9995	-0.0174	-0.9872	-0.0297	-0.1564
123622875	-3.3408	-0.1200	-0.2232	-0.1544	0.0117	0.9879	-0.0273	0.9995	-0.0161	-0.9876	-0.0295	-0.1540
123623000	-3.3408	-0.1204	-0.2234	-0.1548	0.0134	0.9879	-0.0275	0.9995	-0.0179	-0.9876	-0.0299	-0.1543
123623125	-3.3407	-0.1202	-0.2225	-0.1538	0.0135	0.9880	-0.0281	0.9994	-0.0180	-0.9877	-0.0306	-0.1533
123623250	-3.3404	-0.1212	-0.2232	-0.1548	0.0138	0.9879	-0.0275	0.9995	-0.0182	-0.9876	-0.0299	-0.1543
123623375	-3.3408	-0.1206	-0.2218	-0.1562	0.0132	0.9876	-0.0277	0.9995	-0.0177	-0.9873	-0.0302	-0.1558
123623500	-3.3405	-0.1204	-0.2236	-0.1542	0.0129	0.9880	-0.0289	0.9994	-0.0175	-0.9876	-0.0313	-0.1537
123623625	-3.3405	-0.1208	-0.2235	-0.1550	0.0120	0.9878	-0.0288	0.9994	-0.0167	-0.9875	-0.0310	-0.1545
123623750	-3.3407	-0.1177	-0.2233	-0.1582	0.0105	0.9873	-0.0279	0.9995	-0.0151	-0.9870	-0.0300	-0.1579
123623875	-3.3410	-0.1167	-0.2248	-0.1573	0.0100	0.9875	-0.0258	0.9996	-0.0142	-0.9872	-0.0277	-0.1570
123624000	-3.3406	-0.1156	-0.2237	-0.1583	0.0107	0.9873	-0.0271	0.9995	-0.0151	-0.9870	-0.0292	-0.1580
123624125	-3.3405	-0.1154	-0.2247	-0.1588	0.0114	0.9872	-0.0268	0.9995	-0.0159	-0.9869	-0.0290	-0.1584
123624250	-3.3407	-0.1149	-0.2236	-0.1583	0.0123	0.9873	-0.0265	0.9995	-0.0167	-0.9870	-0.0288	-0.1579
123624375	-3.3410	-0.1158	-0.2233	-0.1590	0.0135	0.9872	-0.0247	0.9995	-0.0176	-0.9870	-0.0272	-0.1586
123624500	-3.3418	-0.1165	-0.2239	-0.1581	0.0133	0.9873	-0.0243	0.9996	-0.0174	-0.9871	-0.0267	-0.1577
123624625	-3.3419	-0.1156	-0.2231	-0.1589	0.0118	0.9872	-0.0250	0.9996	-0.0160	-0.9870	-0.0273	-0.1586
123624750	-3.3425	-0.1155	-0.2235	-0.1589	0.0113	0.9872	-0.0250	0.9996	-0.0154	-0.9870	-0.0272	-0.1585
123624875	-3.3429	-0.1142	-0.2253	-0.1581	0.0132	0.9873	-0.0245	0.9995	-0.0173	-0.9871	-0.0269	-0.1577
123625000	-3.3434	-0.1159	-0.2246	-0.1590	0.0134	0.9872	-0.0223	0.9996	-0.0171	-0.9870	-0.0248	-0.1586
123625125	-3.3432	-0.1162	-0.2265	-0.1580	0.0128	0.9874	-0.0210	0.9996	-0.0163	-0.9872	-0.0233	-0.1577
123625250	-3.3440	-0.1155	-0.2278	-0.1571	0.0117	0.9875	-0.0221	0.9996	-0.0154	-0.9873	-0.0242	-0.1568
123625375	-3.3440	-0.1162	-0.2285	-0.1581	0.0139	0.9873	-0.0224	0.9996	-0.0177	-0.9872	-0.0249	-0.1578
123625500	-3.3439	-0.1145	-0.2280	-0.1578	0.0133	0.9874	-0.0244	0.9996	-0.0173	-0.9872	-0.0268	-0.1575
123625625	-3.3445	-0.1147	-0.2297	-0.1561	0.0141	0.9876	-0.0259	0.9995	-0.0184	-0.9874	-0.0285	-0.1556
123625750	-3.3437	-0.1157	-0.2251	-0.1562	0.0128	0.9876	-0.0271	0.9995	-0.0173	-0.9874	-0.0294	-0.1558
123625875	-3.3434	-0.1161	-0.2262	-0.1557	0.0122	0.9877	-0.0251	0.9996	-0.0163	-0.9875	-0.0273	-0.1554
123626000	-3.3435	-0.1146	-0.2266	-0.1573	0.0113	0.9875	-0.0258	0.9995	-0.0155	-0.9872	-0.0279	-0.1569
123626125	-3.3441	-0.1142	-0.2259	-0.1605	0.0104	0.9870	-0.0254	0.9996	-0.0147	-0.9867	-0.0274	-0.1602
123626250	-3.3441	-0.1138	-0.2268	-0.1584	0.0125	0.9873	-0.0254	0.9995	-0.0167	-0.9870	-0.0277	-0.1580
123626375	-3.3437	-0.1134	-0.2268	-0.1594	0.0137	0.9871	-0.0250	0.9995	-0.0179	-0.9869	-0.0275	-0.1590
123626500	-3.3441	-0.1132	-0.2283	-0.1578	0.0130	0.9874	-0.0253	0.9995	-0.0172	-0.9872	-0.0277	-0.1574
123626625	-3.3441	-0.1143	-0.2271	-0.1600	0.0130	0.9870	-0.0242	0.9996	-0.0170	-0.9868	-0.0266	-0.1597
123626750	-3.3447	-0.1145	-0.2262	-0.1604	0.0103	0.9870	-0.0224	0.9997	-0.0140	-0.9868	-0.0244	-0.1601
123626875	-3.3440	-0.1145	-0.2263	-0.1608	0.0102	0.9869	-0.0220	0.9997	-0.0139	-0.9867	-0.0240	-0.1606
123627000	-3.3448	-0.1138	-0.2245	-0.1616	0.0122	0.9868	-0.0228	0.9996	-0.0161	-0.9866	-0.0251	-0.1612
123627125	-3.3454	-0.1149	-0.2244	-0.1608	0.0088	0.9869	-0.0227	0.9997	-0.0126	-0.9867	-0.0244	-0.1605
123627250	-3.3463	-0.1167	-0.2241	-0.1619	0.0098	0.9868	-0.0211	0.9997	-0.0134	-0.9866	-0.0230	-0.1617
123627375	-3.3461	-0.1191	-0.2235	-0.1630	0.0127	0.9865	-0.0207	0.9997	-0.0163	-0.9864	-0.0231	-0.1627
123627500	-3.3461	-0.1174	-0.2252	-0.1620	0.0135	0.9867	-0.0221	0.9996	-0.0173	-0.9865	-0.0246	-0.1616
123627625	-3.3457	-0.1184	-0.2219	-0.1616	0.0146	0.9867	-0.0212	0.9996	-0.0182	-0.9866	-0.0239	-0.1613
123627750	-3.3458	-0.1187	-0.2218	-0.1623	0.0144	0.9866	-0.0211	0.9996	-0.0180	-0.9865	-0.0238	-0.1620
123627875	-3.3455	-0.1170	-0.2220	-0.1611	0.0143	0.9868	-0.0242	0.9995	-0.0184	-0.9866	-0.0268	-0.1607
123628000	-3.3456	-0.1183	-0.2232	-0.1600	0.0149	0.9870	-0.0233	0.9996	-0.0189	-0.9868	-0.0260	-0.1596
123628125	-3.3432	-0.1181	-0.2208	-0.1638	0.0142	0.9864	-0.0241	0.9995	-0.0184	-0.9862	-0.0267	-0.1634
123628250	-3.3434	-0.1198	-0.2212	-0.1608	0.0146	0.9869	-0.0234	0.9996	-0.0186	-0.9867	-0.0261	-0.1603
123628375	-3.3427	-0.1190	-0.2211	-0.1597	0.0137	0.9871	-0.0234	0.9996	-0.0177	-0.9869	-0.0259	-0.1593
123628500	-3.3430	-0.1172	-0.2213	-0.1590	0.0141	0.9872	-0.0244	0.9995	-0.0182	-0.9870	-0.0270	-0.1586
123628625	-3.3430	-0.1163	-0.2199	-0.1614	0.0107	0.9868	-0.0253	0.9996	-0.0150	-0.9866	-0.0274	-0.1611
123628750	-3.3432	-0.1177	-0.2207	-0.1607	0.0118	0.9869	-0.0237	0.9996	-0.0158	-0.9867	-0.0259	-0.1603
123628875	-3.3429	-0.1180	-0.2204	-0.1602	0.0090	0.9870	-0.0249	0.9996	-0.0132	-0.9868	-0.0267	-0.1599
123629000	-3.3438	-0.1208	-0.2184	-0.1619	0.0094	0.9868	-0.0194	0.9997	-0.0127	-0.9866	-0.0212	-0.1617
123629125	-3.3432	-0.1214	-0.2173	-0.1626	0.0082	0.9867	-0.0168	0.9998	-0.0110	-0.9866	-0.0184	-0.1624
123629250	-3.3421	-0.1208	-0.2160	-0.1620	0.0089	0.9868	-0.0165	0.9998	-0.0118	-0.9867	-0.0182	-0.1618
123629375	-3.3424	-0.1207	-0.2178	-0.1607	0.0121	0.9869	-0.0170	0.9997	-0.0150	-0.9869	-0.0192	-0.1604
123629500	-3.3422	-0.1193	-0.2166	-0.1613	0.0120	0.9868	-0.0188	0.9997	-0.0152	-0.9867	-0.0210	-0.1611
123629625	-3.3426	-0.1188	-0.2141	-0.1634	0.0116	0.9865	-0.0205	0.9997	-0.0152	-0.9863	-0.0227	-0.1631
123629750	-3.3421	-0.1206	-0.2150	-0.1606	0.0115	0.9870	-0.0198	0.9997	-0.0149	-0.9868	-0.0219	-0.1603
123629875	-3.3418	-0.1199	-0.2162	-0.1582	0.0118	0.9873	-0.0215	0.9996	-0.0154	-0.9872	-0.0237	-0.1579
123630000	-3.3416	-0.1189	-0.2161	-0.1595	0.0111	0.9871	-0.0208	0.9997	-0.0146	-0.9870	-0.0229	-0.1592
123630125	-3.3415	-0.1195	-0.2156	-0.1597	0.0145	0.9871	-0.0217	0.9996	-0.0182	-0.9869	-0.0243	-0.1593
123630250	-3.3418	-0.1195	-0.2170	-0.1579	0.0135	0.9874	-0.0219	0.9996	-0.0172	-0.9872	-0.0243	-0.1576
123630375	-3.3415	-0.1191	-0.2178	-0.1579	0.0150	0.9873	-0.0234	0.9995	-0.0190	-0.9872	-0.0261	-0.1575
123630500	-3.3414	-0.1198	-0.2190	-0.1558	0.0142	0.9877	-0.0234	0.9996	-0.0181	-0.9875	-0.0259	-0.1554
123630625	-3.3407	-0.1193	-0.2170	-0.1578	0.0137	0.9874	-0.0224	0.9996	-0.0175	-0.9872	-0.0249	-0.1574
123630750	-3.3408	-0.1214	-0.2161	-0.1582	0.0121	0.9873	-0.0219	0.9996	-0.0157	-0.9872	-0.0241	-0.1579
123630875	-3.3403	-0.1200	-0.2159	-0.1590	0.0092	0.9872	-0.0229	0.9997	-0.0130	-0.9870	-0.0247	-0.1588
123631000	-3.3415	-0.1217	-0.2156	-0.1597	0.0089	0.9871	-0.0222	0.9997	-0.0126	-0.9869	-0.0239	-0.1594
123631125	-3.3405	-0.1192	-0.2171	-0.1572	0.0095	0.9875	-0.0245	0.9996	-0.0136	-0.9873	-0.0263	-0.1569
123631250	-3.3394	-0.1180	-0.2169	-0.1577	0.0106	0.9874	-0.0253	0.9996	-0.0147	-0.9872	-0.0273	-0.1574
123631375	-3.3401	-0.1183	-0.2153	-0.1590	0.0109	0.9872	-0.0258	0.9996	-0.0152	-0.9869	-0.0279	-0.1587
123631500	-3.3398	-0.1183	-0.2158	-0.1591	0.0104	0.9872	-0.0260	0.9996	-0.0147	-0.9869	-0.0280	-0.1588
123631625	-3.3403	-0.1164	-0.2168	-0.1595	0.0139	0.9871	-0.0252	0.9995	-0.0181	-0.9869	-0.0278	-0.1590
123631750	-3.3398	-0.1158	-0.2154	-0.1586	0.0122	0.9873	-0.0258	0.9995	-0.0165	-0.9870	-0.0281	-0.1582
123631875	-3.3399	-0.1155	-0.2217	-0.1563	0.0135	0.9876	-0.0263	0.9995	-0.0178	-0.9874	-0.0288	-0.1558
123632000	-3.3395	-0.1151	-0.2205	-0.1582	0.0134	0.9873	-0.0260	0.9995	-0.0177	-0.9871	-0.0285	-0.1577
123632125	-3.3395	-0.1141	-0.2202	-0.1574	0.0141	0.9874	-0.0258	0.9995	-0.0184	-0.9872	-0.0283	-0.1570
123632250	-3.3400	-0.1150	-0.2210	-0.1549	0.0139	0.9878	-0.0271	0.9995	-0.0183	-0.9876	-0.0296	-0.1544
123632375	-3.3394	-0.1127	-0.2203	-0.1541	0.0131	0.9880	-0.0275	0.9995	-0.0175	-0.9877	-0.0299	-0.1537
123632500	-3.3395	-0.1136	-0.2192	-0.1553	0.0128	0.9878	-0.0287	0.9994	-0.0174	-0.9874	-0.0310	-0.1549
123632625	-3.3396	-0.1125	-0.2182	-0.1560	0.0125	0.9877	-0.0298	0.9994	-0.0173	-0.9873	-0.0321	-0.1556
123632750	-3.3396	-0.1124	-0.2181	-0.1568	0.0124	0.9875	-0.0280	0.9995	-0.0170	-0.9872	-0.0303	-0.1564
123632875	-3.3409	-0.1125	-0.2225	-0.1577	0.0144	0.9874	-0.0280	0.9994	-0.0190	-0.9871	-0.0307	-0.1573
123633000	-3.3404	-0.1102	-0.2244	-0.1575	0.0164	0.9874	-0.0286	0.9994	-0.0212	-0.9871	-0.0316	-0.1569
123633125	-3.3403	-0.1087	-0.2267	-0.1556	0.0164	0.9877	-0.0296	0.9993	-0.0213	-0.9874	-0.0326	-0.1550
123633250	-3.3413	-0.1107	-0.2256	-0.1581	0.0164	0.9873	-0.0275	0.9994	-0.0210	-0.9870	-0.0305	-0.1576
123633375	-3.3413	-0.1103	-0.2254	-0.1591	0.0134	0.9872	-0.0275	0.9995	-0.0180	-0.9869	-0.0300	-0.1587
123633500	-3.3417	-0.1126	-0.2244	-0.1598	0.0136	0.9871	-0.0263	0.9995	-0.0180	-0.9868	-0.0289	-0.1594
123633625	-3.3413	-0.1130	-0.2237	-0.1599	0.0124	0.9871	-0.0250	0.9996	-0.0166	-0.9868	-0.0273	-0.1595
123633750	-3.3411	-0.1146	-0.2240	-0.1592	0.0145	0.9871	-0.0248	0.9995	-0.0186	-0.9869	-0.0275	-0.1587
123633875	-3.3415	-0.1139	-0.2220	-0.1596	0.0134	0.9871	-0.0254	0.9995	-0.0176	-0.9869	-0.0279	-0.1592
123634000	-3.3413	-0.1134	-0.2229	-0.1604	0.0149	0.9869	-0.0253	0.9995	-0.0192	-0.9867	-0.0280	-0.1600
123634125	-3.3409	-0.1126	-0.2243	-0.1597	0.0155	0.9871	-0.0260	0.9995	-0.0199	-0.9868	-0.0288	-0.1592
123634250	-3.3418	-0.1153	-0.2231	-0.1592	0.0146	0.9871	-0.0268	0.9995	-0.0191	-0.9869	-0.0295	-0.1587
123634375	-3.3415	-0.1159	-0.2245	-0.1576	0.0145	0.9874	-0.0260	0.9995	-0.0188	-0.9872	-0.0286	-0.1571
123634500	-3.3418	-0.1161	-0.2254	-0.1580	0.0135	0.9874	-0.0251	0.9995	-0.0176	-0.9871	-0.0275	-0.1576
123634625	-3.3416	-0.1156	-0.2257	-0.1576	0.0132	0.9874	-0.0260	0.9995	-0.0175	-0.9872	-0.0284	-0.1571
123634750	-3.3416	-0.1144	-0.2248	-0.1571	0.0141	0.9875	-0.0265	0.9995	-0.0185	-0.9872	-0.0291	-0.1566
123634875	-3.3413	-0.1134	-0.2246	-0.1555	0.0124	0.9878	-0.0274	0.9995	-0.0169	-0.9875	-0.0297	-0.1551
123635000	-3.3412	-0.1136	-0.2255	-0.1558	0.0132	0.9877	-0.0269	0.9995	-0.0176	-0.9874	-0.0293	-0.1554
123635125	-3.3415	-0.1128	-0.2239	-0.1567	0.0139	0.9876	-0.0266	0.9995	-0.0183	-0.9873	-0.0291	-0.1562
123635250	-3.3419	-0.1141	-0.2256	-0.1563	0.0159	0.9876	-0.0251	0.9995	-0.0201	-0.9874	-0.0279	-0.1558
123635375	-3.3413	-0.1152	-0.2256	-0.1552	0.0142	0.9878	-0.0269	0.9995	-0.0186	-0.9875	-0.0295	-0.1548
123635500	-3.3415	-0.1145	-0.2254	-0.1564	0.0137	0.9876	-0.0264	0.9995	-0.0181	-0.9873	-0.0289	-0.1560
123635625	-3.3421	-0.1150	-0.2234	-0.1579	0.0134	0.9874	-0.0262	0.9995	-0.0177	-0.9871	-0.0286	-0.1574
123635750	-3.3422	-0.1149	-0.2247	-0.1589	0.0131	0.9872	-0.0263	0.9995	-0.0175	-0.9870	-0.0288	-0.1584
123635875	-3.3417	-0.1148	-0.2260	-0.1581	0.0137	0.9873	-0.0269	0.9995	-0.0182	-0.9871	-0.0295	-0.1576
123636000	-3.3423	-0.1143	-0.2262	-0.1578	0.0128	0.9874	-0.0263	0.9995	-0.0172	-0.9871	-0.0287	-0.1574
123636125	-3.3425	-0.1148	-0.2266	-0.1579	0.0134	0.9874	-0.0279	0.9994	-0.0180	-0.9871	-0.0304	-0.1574
123636250	-3.3427	-0.1147	-0.2262	-0.1577	0.0144	0.9874	-0.0277	0.9994	-0.0190	-0.9871	-0.0304	-0.1572
123636375	-3.3412	-0.1158	-0.2224	-0.1592	0.0139	0.9872	-0.0280	0.9994	-0.0186	-0.9869	-0.0306	-0.1587
123636500	-3.3413	-0.1164	-0.2249	-0.1573	0.0163	0.9874	-0.0263	0.9994	-0.0207	-0.9872	-0.0292	-0.1568
123636625	-3.3418	-0.1171	-0.2248	-0.1571	0.0154	0.9875	-0.0262	0.9995	-0.0197	-0.9872	-0.0290	-0.1566
123636750	-3.3412	-0.1169	-0.2239	-0.1562	0.0148	0.9876	-0.0265	0.9995	-0.0192	-0.9874	-0.0291	-0.1557
123636875	-3.3417	-0.1186	-0.2237	-0.1566	0.0152	0.9875	-0.0254	0.9995	-0.0194	-0.9873	-0.0281	-0.1561
123637000	-3.3416	-0.1203	-0.2232	-0.1577	0.0147	0.9874	-0.0252	0.9995	-0.0189	-0.9872	-0.0278	-0.1572
123637125	-3.3415	-0.1187	-0.2233	-0.1583	0.0132	0.9873	-0.0274	0.9995	-0.0178	-0.9870	-0.0299	-0.1578
123637250	-3.3427	-0.1198	-0.2204	-0.1590	0.0127	0.9872	-0.0269	0.9995	-0.0172	-0.9869	-0.0293	-0.1586
123637375	-3.3424	-0.1184	-0.2204	-0.1609	0.0138	0.9869	-0.0289	0.9994	-0.0186	-0.9865	-0.0315	-0.1604
123637500	-3.3429	-0.1191	-0.2204	-0.1610	0.0156	0.9868	-0.0282	0.9994	-0.0204	-0.9865	-0.0311	-0.1605
123637625	-3.3425	-0.1199	-0.2196	-0.1613	0.0155	0.9868	-0.0276	0.9994	-0.0203	-0.9865	-0.0305	-0.1607
123637750	-3.3427	-0.1199	-0.2180	-0.1622	0.0139	0.9867	-0.0284	0.9994	-0.0188	-0.9863	-0.0311	-0.1617
123637875	-3.3429	-0.1201	-0.2190	-0.1607	0.0125	0.9869	-0.0288	0.9994	-0.0174	-0.9866	-0.0312	-0.1602
123638000	-3.3430	-0.1226	-0.2184	-0.1629	0.0125	0.9866	-0.0278	0.9995	-0.0172	-0.9862	-0.0302	-0.1625
123638125	-3.3429	-0.1218	-0.2189	-0.1617	0.0144	0.9867	-0.0284	0.9994	-0.0192	-0.9864	-0.0312	-0.1612
123638250	-3.3430	-0.1222	-0.2204	-0.1604	0.0149	0.9869	-0.0285	0.9994	-0.0197	-0.9866	-0.0313	-0.1599
123638375	-3.3422	-0.1199	-0.2201	-0.1610	0.0162	0.9868	-0.0271	0.9994	-0.0209	-0.9866	-0.0301	-0.1605
123638500	-3.3420	-0.1204	-0.2193	-0.1617	0.0161	0.9867	-0.0263	0.9994	-0.0206	-0.9865	-0.0292	-0.1611
123638625	-3.3420	-0.1214	-0.2185	-0.1621	0.0148	0.9867	-0.0264	0.9995	-0.0193	-0.9864	-0.0292	-0.1616
123638750	-3.3419	-0.1210	-0.2181	-0.1623	0.0132	0.9866	-0.0258	0.9995	-0.0176	-0.9864	-0.0284	-0.1619
123638875	-3.3415	-0.1207	-0.2186	-0.1620	0.0136	0.9867	-0.0277	0.9994	-0.0183	-0.9864	-0.0303	-0.1616
123639000	-3.3416	-0.1205	-0.2181	-0.1614	0.0126	0.9868	-0.0286	0.9994	-0.0174	-0.9865	-0.0310	-0.1609
123639125	-3.3419	-0.1210	-0.2182	-0.1611	0.0126	0.9869	-0.0274	0.9995	-0.0172	-0.9866	-0.0298	-0.1607
123639250	-3.3417	-0.1198	-0.2171	-0.1614	0.0135	0.9868	-0.0272	0.9995	-0.0181	-0.9865	-0.0297	-0.1610
