META	HEADER	GNSS location/orientation script
META	VERSION	1.0.0
META	FORMAT	ASCII
META	CONTENT	DEFAULT
META	END
iTOW	Origin_X	Origin_Y	Origin_Z	Basis_XX	Basis_XY	Basis_XZ	Basis_YX	Basis_YY	Basis_YZ	Basis_ZX	Basis_ZY	Basis_ZZ
114747750	-2.8470	-0.0887	-0.0744	-0.1017	0.0146	0.9947	-0.0300	0.9994	-0.0177	-0.9944	-0.0317	-0.1012
114747875	-2.8472	-0.0880	-0.0742	-0.1016	0.0136	0.9947	-0.0297	0.9994	-0.0167	-0.9944	-0.0312	-0.1011
114748000	-2.8468	-0.0890	-0.0737	-0.1021	0.0143	0.9947	-0.0292	0.9994	-0.0174	-0.9943	-0.0309	-0.1016
114748125	-2.8469	-0.0869	-0.0744	-0.1014	0.0149	0.9947	-0.0311	0.9993	-0.0182	-0.9944	-0.0328	-0.1008
114748250	-2.8467	-0.0883	-0.0756	-0.1001	0.0155	0.9949	-0.0308	0.9994	-0.0187	-0.9945	-0.0325	-0.0996
114748375	-2.8464	-0.0861	-0.0736	-0.1018	0.0169	0.9947	-0.0322	0.9993	-0.0202	-0.9943	-0.0341	-0.1012
114748500	-2.8448	-0.0832	-0.0711	-0.1012	0.0180	0.9947	-0.0358	0.9991	-0.0217	-0.9942	-0.0379	-0.1004
114748625	-2.8453	-0.0814	-0.0717	-0.1016	0.0208	0.9946	-0.0366	0.9990	-0.0246	-0.9942	-0.0389	-0.1007
114748750	-2.8446	-0.0824	-0.0738	-0.0984	0.0192	0.9950	-0.0337	0.9992	-0.0226	-0.9946	-0.0357	-0.0976
114748875	-2.8465	-0.0832	-0.0745	-0.0977	0.0199	0.9950	-0.0341	0.9991	-0.0233	-0.9946	-0.0362	-0.0970
114749000	-2.8455	-0.0850	-0.0728	-0.0978	0.0212	0.9950	-0.0351	0.9991	-0.0247	-0.9946	-0.0373	-0.0969
114749125	-2.8465	-0.0826	-0.0738	-0.0986	0.0194	0.9949	-0.0336	0.9992	-0.0228	-0.9946	-0.0357	-0.0979
114749250	-2.8473	-0.0825	-0.0768	-0.1014	0.0126	0.9948	-0.0357	0.9992	-0.0163	-0.9942	-0.0372	-0.1009
114749375	-2.8482	-0.0832	-0.0737	-0.1026	0.0150	0.9946	-0.0348	0.9992	-0.0186	-0.9941	-0.0366	-0.1020
114749500	-2.8495	-0.0877	-0.0766	-0.1036	0.0120	0.9946	-0.0312	0.9994	-0.0153	-0.9941	-0.0326	-0.1031
114749625	-2.8480	-0.0905	-0.0760	-0.1008	0.0133	0.9948	-0.0327	0.9993	-0.0167	-0.9944	-0.0342	-0.1003
114749750	-2.8488	-0.0913	-0.0760	-0.1008	0.0177	0.9947	-0.0301	0.9993	-0.0208	-0.9945	-0.0320	-0.1002
114749875	-2.8481	-0.0926	-0.0773	-0.0997	0.0148	0.9949	-0.0285	0.9994	-0.0177	-0.9946	-0.0301	-0.0992
114750000	-2.8480	-0.0906	-0.0748	-0.1019	0.0167	0.9947	-0.0286	0.9994	-0.0197	-0.9944	-0.0305	-0.1014
114750125	-2.8489	-0.0956	-0.0694	-0.1064	0.0175	0.9942	-0.0252	0.9995	-0.0203	-0.9940	-0.0272	-0.1059
114750250	-2.8498	-0.0968	-0.0714	-0.1039	0.0175	0.9944	-0.0248	0.9995	-0.0201	-0.9943	-0.0267	-0.1034
114750375	-2.8494	-0.0964	-0.0702	-0.1070	0.0161	0.9941	-0.0246	0.9995	-0.0189	-0.9940	-0.0264	-0.1066
114750500	-2.8486	-0.0965	-0.0694	-0.1066	0.0174	0.9941	-0.0280	0.9994	-0.0205	-0.9939	-0.0300	-0.1061
114750625	-2.8493	-0.0975	-0.0718	-0.1021	0.0168	0.9946	-0.0246	0.9995	-0.0195	-0.9945	-0.0264	-0.1017
114750750	-2.8497	-0.0991	-0.0700	-0.1077	0.0164	0.9940	-0.0251	0.9995	-0.0192	-0.9939	-0.0270	-0.1073
114750875	-2.8498	-0.0987	-0.0695	-0.1055	0.0147	0.9943	-0.0248	0.9995	-0.0174	-0.9941	-0.0265	-0.1050
114751000	-2.8491	-0.1000	-0.0708	-0.1046	0.0181	0.9943	-0.0246	0.9995	-0.0208	-0.9942	-0.0267	-0.1041
114751125	-2.8489	-0.1000	-0.0681	-0.1062	0.0154	0.9942	-0.0257	0.9995	-0.0182	-0.9940	-0.0274	-0.1057
114751250	-2.8493	-0.1002	-0.0696	-0.1052	0.0162	0.9943	-0.0248	0.9995	-0.0189	-0.9941	-0.0267	-0.1047
114751375	-2.8489	-0.1020	-0.0676	-0.1075	0.0176	0.9941	-0.0233	0.9995	-0.0202	-0.9939	-0.0253	-0.1070
114751500	-2.8491	-0.1026	-0.0686	-0.1065	0.0169	0.9942	-0.0208	0.9996	-0.0192	-0.9941	-0.0227	-0.1061
114751625	-2.8492	-0.1046	-0.0674	-0.1068	0.0156	0.9942	-0.0207	0.9996	-0.0179	-0.9941	-0.0225	-0.1064
114751750	-2.8490	-0.1042	-0.0683	-0.1053	0.0170	0.9943	-0.0201	0.9996	-0.0192	-0.9942	-0.0220	-0.1049
114751875	-2.8485	-0.1042	-0.0693	-0.1050	0.0170	0.9943	-0.0202	0.9996	-0.0192	-0.9943	-0.0221	-0.1046
114752000	-2.8479	-0.1043	-0.0696	-0.1044	0.0184	0.9944	-0.0191	0.9996	-0.0205	-0.9944	-0.0212	-0.1040
114752125	-2.8481	-0.1033	-0.0690	-0.1063	0.0171	0.9942	-0.0201	0.9996	-0.0193	-0.9941	-0.0220	-0.1059
114752250	-2.8480	-0.1020	-0.0694	-0.1053	0.0160	0.9943	-0.0214	0.9996	-0.0184	-0.9942	-0.0232	-0.1049
114752375	-2.8483	-0.1032	-0.0699	-0.1062	0.0152	0.9942	-0.0214	0.9996	-0.0176	-0.9941	-0.0232	-0.1058
114752500	-2.8483	-0.1032	-0.0698	-0.1046	0.0155	0.9944	-0.0213	0.9996	-0.0178	-0.9943	-0.0230	-0.1042
114752625	-2.8484	-0.1042	-0.0710	-0.1046	0.0149	0.9944	-0.0206	0.9996	-0.0172	-0.9943	-0.0222	-0.1042
114752750	-2.8484	-0.1050	-0.0720	-0.1042	0.0142	0.9945	-0.0212	0.9996	-0.0165	-0.9943	-0.0228	-0.1038
114752875	-2.8475	-0.1026	-0.0693	-0.1052	0.0147	0.9943	-0.0239	0.9996	-0.0173	-0.9942	-0.0256	-0.1048
114753000	-2.8480	-0.0990	-0.0705	-0.1056	0.0131	0.9943	-0.0258	0.9995	-0.0159	-0.9941	-0.0273	-0.1052
114753125	-2.8475	-0.0976	-0.0714	-0.1030	0.0151	0.9946	-0.0266	0.9995	-0.0179	-0.9943	-0.0283	-0.1026
114753250	-2.8477	-0.0986	-0.0710	-0.1039	0.0152	0.9945	-0.0259	0.9995	-0.0180	-0.9943	-0.0277	-0.1034
114753375	-2.8475	-0.0978	-0.0712	-0.1037	0.0183	0.9944	-0.0256	0.9994	-0.0211	-0.9943	-0.0277	-0.1032
114753500	-2.8478	-0.0977	-0.0707	-0.1050	0.0166	0.9943	-0.0246	0.9995	-0.0193	-0.9942	-0.0265	-0.1046
114753625	-2.8479	-0.0991	-0.0709	-0.1035	0.0152	0.9945	-0.0243	0.9995	-0.0178	-0.9943	-0.0260	-0.1031
114753750	-2.8472	-0.0982	-0.0714	-0.1040	0.0142	0.9945	-0.0245	0.9996	-0.0169	-0.9943	-0.0261	-0.1036
114753875	-2.8479	-0.0983	-0.0716	-0.1039	0.0142	0.9945	-0.0231	0.9996	-0.0167	-0.9943	-0.0247	-0.1035
114754000	-2.8470	-0.0943	-0.0733	-0.1024	0.0141	0.9946	-0.0274	0.9995	-0.0169	-0.9944	-0.0290	-0.1019
114754125	-2.8473	-0.0925	-0.0746	-0.1014	0.0126	0.9948	-0.0299	0.9994	-0.0157	-0.9944	-0.0313	-0.1010
114754250	-2.8472	-0.0927	-0.0744	-0.1019	0.0148	0.9947	-0.0294	0.9994	-0.0179	-0.9944	-0.0310	-0.1014
114754375	-2.8474	-0.0924	-0.0747	-0.1025	0.0154	0.9946	-0.0309	0.9993	-0.0186	-0.9943	-0.0326	-0.1019
114754500	-2.8468	-0.0921	-0.0756	-0.1005	0.0153	0.9948	-0.0306	0.9994	-0.0185	-0.9945	-0.0323	-0.0999
114754625	-2.8465	-0.0930	-0.0758	-0.1004	0.0156	0.9948	-0.0293	0.9994	-0.0186	-0.9945	-0.0310	-0.0999
114754750	-2.8466	-0.0934	-0.0752	-0.1018	0.0125	0.9947	-0.0274	0.9995	-0.0154	-0.9944	-0.0288	-0.1014
114754875	-2.8471	-0.0937	-0.0767	-0.1009	0.0134	0.9948	-0.0286	0.9995	-0.0164	-0.9945	-0.0301	-0.1005
114755000	-2.8465	-0.0957	-0.0741	-0.1008	0.0147	0.9948	-0.0276	0.9995	-0.0176	-0.9945	-0.0293	-0.1004
114755125	-2.8470	-0.0953	-0.0717	-0.1043	0.0149	0.9944	-0.0282	0.9994	-0.0179	-0.9941	-0.0300	-0.1039
114755250	-2.8471	-0.0954	-0.0731	-0.1033	0.0137	0.9946	-0.0280	0.9995	-0.0167	-0.9943	-0.0296	-0.1028
114755375	-2.8476	-0.0963	-0.0725	-0.1037	0.0113	0.9945	-0.0285	0.9995	-0.0143	-0.9942	-0.0298	-0.1033
114755500	-2.8472	-0.0943	-0.0731	-0.1025	0.0139	0.9946	-0.0285	0.9995	-0.0169	-0.9943	-0.0300	-0.1020
114755625	-2.8469	-0.0917	-0.0739	-0.1016	0.0140	0.9947	-0.0332	0.9993	-0.0174	-0.9943	-0.0348	-0.1011
114755750	-2.8467	-0.0914	-0.0744	-0.1021	0.0142	0.9947	-0.0312	0.9994	-0.0174	-0.9943	-0.0328	-0.1016
114755875	-2.8473	-0.0928	-0.0747	-0.1020	0.0161	0.9947	-0.0301	0.9994	-0.0193	-0.9943	-0.0319	-0.1015
114756000	-2.8472	-0.0947	-0.0732	-0.1016	0.0154	0.9947	-0.0278	0.9994	-0.0183	-0.9944	-0.0295	-0.1011
114756125	-2.8474	-0.0962	-0.0726	-0.1013	0.0165	0.9947	-0.0277	0.9994	-0.0194	-0.9945	-0.0295	-0.1008
114756250	-2.8477	-0.0968	-0.0719	-0.1018	0.0162	0.9947	-0.0286	0.9994	-0.0192	-0.9944	-0.0304	-0.1013
114756375	-2.8474	-0.0970	-0.0724	-0.1010	0.0166	0.9948	-0.0273	0.9994	-0.0194	-0.9945	-0.0291	-0.1004
114756500	-2.8476	-0.0980	-0.0720	-0.1005	0.0155	0.9948	-0.0273	0.9995	-0.0183	-0.9946	-0.0290	-0.1000
114756625	-2.8475	-0.0978	-0.0726	-0.1016	0.0157	0.9947	-0.0281	0.9994	-0.0187	-0.9944	-0.0298	-0.1011
114756750	-2.8474	-0.0971	-0.0729	-0.1009	0.0146	0.9948	-0.0287	0.9994	-0.0176	-0.9945	-0.0304	-0.1004
114756875	-2.8475	-0.0975	-0.0722	-0.1013	0.0153	0.9947	-0.0277	0.9995	-0.0182	-0.9945	-0.0294	-0.1009
114757000	-2.8476	-0.0971	-0.0729	-0.1010	0.0152	0.9948	-0.0289	0.9994	-0.0182	-0.9945	-0.0306	-0.1005
114757125	-2.8481	-0.0980	-0.0722	-0.1015	0.0156	0.9947	-0.0284	0.9994	-0.0186	-0.9944	-0.0301	-0.1010
114757250	-2.8479	-0.0967	-0.0725	-0.1017	0.0162	0.9947	-0.0290	0.9994	-0.0192	-0.9944	-0.0308	-0.1012
114757375	-2.8478	-0.0974	-0.0729	-0.1007	0.0162	0.9948	-0.0280	0.9994	-0.0191	-0.9945	-0.0298	-0.1002
114757500	-2.8479	-0.0978	-0.0721	-0.1001	0.0151	0.9949	-0.0289	0.9994	-0.0181	-0.9946	-0.0305	-0.0996
114757625	-2.8484	-0.0986	-0.0719	-0.1021	0.0152	0.9947	-0.0268	0.9995	-0.0181	-0.9944	-0.0285	-0.1016
114757750	-2.8489	-0.0975	-0.0704	-0.1028	0.0146	0.9946	-0.0284	0.9994	-0.0176	-0.9943	-0.0301	-0.1023
114757875	-2.8497	-0.0986	-0.0712	-0.1010	0.0143	0.9948	-0.0276	0.9995	-0.0172	-0.9945	-0.0292	-0.1006
114758000	-2.8492	-0.0981	-0.0706	-0.1007	0.0155	0.9948	-0.0274	0.9995	-0.0183	-0.9945	-0.0291	-0.1002
114758125	-2.8499	-0.0994	-0.0720	-0.0997	0.0146	0.9949	-0.0275	0.9995	-0.0174	-0.9946	-0.0291	-0.0993
114758250	-2.8494	-0.0996	-0.0697	-0.1005	0.0138	0.9948	-0.0277	0.9995	-0.0167	-0.9945	-0.0293	-0.1001
114758375	-2.8497	-0.0989	-0.0695	-0.1015	0.0151	0.9947	-0.0281	0.9994	-0.0180	-0.9944	-0.0298	-0.1010
114758500	-2.8496	-0.0988	-0.0702	-0.1011	0.0146	0.9948	-0.0280	0.9995	-0.0175	-0.9945	-0.0296	-0.1006
114758625	-2.8499	-0.0987	-0.0696	-0.1020	0.0165	0.9947	-0.0285	0.9994	-0.0195	-0.9944	-0.0303	-0.1014
114758750	-2.8499	-0.0982	-0.0702	-0.1017	0.0171	0.9947	-0.0274	0.9994	-0.0200	-0.9944	-0.0293	-0.1012
114758875	-2.8506	-0.0964	-0.0701	-0.1017	0.0169	0.9947	-0.0280	0.9994	-0.0198	-0.9944	-0.0299	-0.1012
114759000	-2.8508	-0.0950	-0.0700	-0.1022	0.0168	0.9946	-0.0285	0.9994	-0.0198	-0.9944	-0.0304	-0.1017
114759125	-2.8516	-0.0944	-0.0715	-0.1004	0.0156	0.9948	-0.0293	0.9994	-0.0186	-0.9945	-0.0310	-0.0998
114759250	-2.8511	-0.0951	-0.0702	-0.1020	0.0144	0.9947	-0.0306	0.9994	-0.0176	-0.9943	-0.0323	-0.1014
114759375	-2.8514	-0.0939	-0.0703	-0.1006	0.0139	0.9948	-0.0304	0.9994	-0.0170	-0.9945	-0.0320	-0.1001
114759500	-2.8512	-0.0944	-0.0724	-0.1006	0.0149	0.9948	-0.0274	0.9995	-0.0177	-0.9945	-0.0290	-0.1002
114759625	-2.8509	-0.0953	-0.0710	-0.1005	0.0129	0.9948	-0.0274	0.9995	-0.0157	-0.9946	-0.0289	-0.1001
114759750	-2.8512	-0.0935	-0.0727	-0.0997	0.0139	0.9949	-0.0272	0.9995	-0.0167	-0.9946	-0.0287	-0.0993
114759875	-2.8508	-0.0917	-0.0716	-0.0995	0.0160	0.9949	-0.0265	0.9995	-0.0187	-0.9947	-0.0283	-0.0990
114760000	-2.8504	-0.0909	-0.0713	-0.1004	0.0139	0.9949	-0.0263	0.9995	-0.0166	-0.9946	-0.0279	-0.1000
114760125	-2.8504	-0.0909	-0.0709	-0.1012	0.0141	0.9948	-0.0268	0.9995	-0.0169	-0.9945	-0.0284	-0.1008
114760250	-2.8506	-0.0901	-0.0712	-0.1004	0.0140	0.9948	-0.0272	0.9995	-0.0168	-0.9946	-0.0287	-0.1000
114760375	-2.8508	-0.0885	-0.0713	-0.1014	0.0151	0.9947	-0.0270	0.9995	-0.0179	-0.9945	-0.0287	-0.1010
114760500	-2.8501	-0.0913	-0.0718	-0.1006	0.0146	0.9948	-0.0243	0.9996	-0.0171	-0.9946	-0.0259	-0.1002
114760625	-2.8500	-0.0922	-0.0707	-0.1016	0.0133	0.9947	-0.0229	0.9996	-0.0157	-0.9946	-0.0244	-0.1013
114760750	-2.8495	-0.0901	-0.0701	-0.1020	0.0128	0.9947	-0.0252	0.9996	-0.0155	-0.9945	-0.0266	-0.1016
114760875	-2.8487	-0.0921	-0.0701	-0.1017	0.0164	0.9947	-0.0270	0.9995	-0.0192	-0.9944	-0.0288	-0.1012
114761000	-2.8486	-0.0918	-0.0695	-0.1009	0.0167	0.9948	-0.0264	0.9995	-0.0194	-0.9945	-0.0283	-0.1004
114761125	-2.8489	-0.0895	-0.0696	-0.1015	0.0152	0.9947	-0.0283	0.9994	-0.0182	-0.9944	-0.0300	-0.1010
114761250	-2.8485	-0.0875	-0.0690	-0.1011	0.0156	0.9948	-0.0295	0.9994	-0.0187	-0.9944	-0.0312	-0.1006
114761375	-2.8491	-0.0897	-0.0708	-0.1002	0.0159	0.9948	-0.0280	0.9994	-0.0188	-0.9946	-0.0297	-0.0997
114761500	-2.8487	-0.0907	-0.0708	-0.0994	0.0166	0.9949	-0.0260	0.9995	-0.0192	-0.9947	-0.0278	-0.0989
114761625	-2.8486	-0.0906	-0.0696	-0.1004	0.0148	0.9948	-0.0265	0.9995	-0.0175	-0.9946	-0.0281	-0.0999
114761750	-2.8482	-0.0922	-0.0694	-0.1008	0.0141	0.9948	-0.0276	0.9995	-0.0169	-0.9945	-0.0292	-0.1003
114761875	-2.8484	-0.0922	-0.0708	-0.1016	0.0057	0.9948	-0.0257	0.9996	-0.0083	-0.9945	-0.0264	-0.1014
114762000	-2.8482	-0.0907	-0.0701	-0.1013	0.0053	0.9948	-0.0277	0.9996	-0.0081	-0.9945	-0.0284	-0.1011
114762125	-2.8483	-0.0905	-0.0708	-0.1006	0.0061	0.9949	-0.0263	0.9996	-0.0088	-0.9946	-0.0270	-0.1004
114762250	-2.8482	-0.0901	-0.0714	-0.0986	0.0067	0.9951	-0.0264	0.9996	-0.0093	-0.9948	-0.0272	-0.0984
114762375	-2.8478	-0.0910	-0.0710	-0.0988	0.0086	0.9951	-0.0265	0.9996	-0.0113	-0.9947	-0.0275	-0.0986
114762500	-2.8474	-0.0918	-0.0696	-0.1000	0.0086	0.9949	-0.0273	0.9996	-0.0114	-0.9946	-0.0283	-0.0998
114762625	-2.8475	-0.0912	-0.0685	-0.1012	0.0084	0.9948	-0.0261	0.9996	-0.0111	-0.9945	-0.0271	-0.1009
114762750	-2.8484	-0.0903	-0.0706	-0.0986	0.0091	0.9951	-0.0272	0.9996	-0.0119	-0.9948	-0.0282	-0.0983
114762875	-2.8483	-0.0888	-0.0710	-0.0983	0.0091	0.9951	-0.0281	0.9995	-0.0119	-0.9948	-0.0291	-0.0980
114763000	-2.8487	-0.0882	-0.0714	-0.0987	0.0073	0.9951	-0.0291	0.9995	-0.0102	-0.9947	-0.0300	-0.0984
114763125	-2.8486	-0.0883	-0.0705	-0.1000	0.0061	0.9950	-0.0297	0.9995	-0.0091	-0.9945	-0.0305	-0.0998
114763250	-2.8485	-0.0889	-0.0715	-0.0988	0.0073	0.9951	-0.0286	0.9995	-0.0101	-0.9947	-0.0295	-0.0986
114763375	-2.8479	-0.0890	-0.0710	-0.0981	0.0055	0.9952	-0.0296	0.9995	-0.0084	-0.9947	-0.0303	-0.0979
114763500	-2.8474	-0.0891	-0.0720	-0.0972	0.0064	0.9952	-0.0287	0.9995	-0.0092	-0.9949	-0.0295	-0.0969
114763625	-2.8481	-0.0887	-0.0714	-0.0987	0.0084	0.9951	-0.0293	0.9995	-0.0114	-0.9947	-0.0303	-0.0984
114763750	-2.8476	-0.0897	-0.0722	-0.0981	0.0062	0.9952	-0.0284	0.9996	-0.0090	-0.9948	-0.0291	-0.0978
114763875	-2.8477	-0.0914	-0.0727	-0.1001	0.0082	0.9949	-0.0300	0.9995	-0.0112	-0.9945	-0.0310	-0.0998
114764000	-2.8479	-0.0939	-0.0729	-0.0995	0.0071	0.9950	-0.0287	0.9995	-0.0100	-0.9946	-0.0296	-0.0993
114764125	-2.8483	-0.0949	-0.0738	-0.0990	0.0088	0.9950	-0.0283	0.9995	-0.0117	-0.9947	-0.0294	-0.0988
114764250	-2.8481	-0.0948	-0.0731	-0.1001	0.0068	0.9949	-0.0296	0.9995	-0.0098	-0.9945	-0.0304	-0.0999
114764375	-2.8484	-0.0963	-0.0743	-0.0987	0.0084	0.9951	-0.0283	0.9995	-0.0112	-0.9947	-0.0293	-0.0984
114764500	-2.8484	-0.0947	-0.0742	-0.0988	0.0081	0.9951	-0.0295	0.9995	-0.0111	-0.9947	-0.0305	-0.0985
114764625	-2.8483	-0.0955	-0.0747	-0.0986	0.0065	0.9951	-0.0310	0.9995	-0.0096	-0.9946	-0.0318	-0.0983
114764750	-2.8482	-0.0940	-0.0756	-0.0982	0.0077	0.9951	-0.0321	0.9994	-0.0109	-0.9946	-0.0330	-0.0979
114764875	-2.8490	-0.0947	-0.0757	-0.0985	0.0068	0.9951	-0.0307	0.9995	-0.0099	-0.9947	-0.0315	-0.0982
114765000	-2.8495	-0.0935	-0.0763	-0.0998	0.0078	0.9950	-0.0300	0.9995	-0.0108	-0.9946	-0.0310	-0.0995
114765125	-2.8495	-0.0938	-0.0760	-0.1003	0.0046	0.9950	-0.0316	0.9995	-0.0078	-0.9945	-0.0322	-0.1001
114765250	-2.8494	-0.0933	-0.0752	-0.1014	0.0061	0.9948	-0.0307	0.9995	-0.0093	-0.9944	-0.0315	-0.1011
114765375	-2.8492	-0.0935	-0.0756	-0.1018	0.0069	0.9948	-0.0303	0.9995	-0.0101	-0.9943	-0.0311	-0.1015
114765500	-2.8493	-0.0945	-0.0756	-0.1012	0.0068	0.9948	-0.0298	0.9995	-0.0099	-0.9944	-0.0307	-0.1009
114765625	-2.8496	-0.0946	-0.0766	-0.1005	0.0082	0.9949	-0.0294	0.9995	-0.0112	-0.9945	-0.0303	-0.1003
114765750	-2.8491	-0.0938	-0.0763	-0.0997	0.0060	0.9950	-0.0304	0.9995	-0.0090	-0.9945	-0.0312	-0.0995
114765875	-2.8489	-0.0934	-0.0764	-0.1001	0.0096	0.9949	-0.0282	0.9995	-0.0125	-0.9946	-0.0293	-0.0998
114766000	-2.8497	-0.0911	-0.0753	-0.1035	0.0092	0.9946	-0.0310	0.9994	-0.0125	-0.9941	-0.0321	-0.1032
114766125	-2.8496	-0.0919	-0.0753	-0.1030	0.0078	0.9947	-0.0315	0.9994	-0.0111	-0.9942	-0.0325	-0.1027
114766250	-2.8496	-0.0919	-0.0743	-0.1030	0.0069	0.9947	-0.0325	0.9994	-0.0103	-0.9942	-0.0333	-0.1027
114766375	-2.8495	-0.0917	-0.0750	-0.1026	0.0075	0.9947	-0.0326	0.9994	-0.0109	-0.9942	-0.0335	-0.1023
114766500	-2.8497	-0.0924	-0.0752	-0.1020	0.0063	0.9948	-0.0332	0.9994	-0.0097	-0.9942	-0.0340	-0.1017
114766625	-2.8497	-0.0928	-0.0748	-0.1025	0.0057	0.9947	-0.0315	0.9995	-0.0090	-0.9942	-0.0323	-0.1023
114766750	-2.8499	-0.0923	-0.0743	-0.1029	0.0056	0.9947	-0.0313	0.9995	-0.0089	-0.9942	-0.0320	-0.1027
114766875	-2.8492	-0.0922	-0.0763	-0.1004	0.0075	0.9949	-0.0284	0.9995	-0.0104	-0.9945	-0.0293	-0.1002
114767000	-2.8492	-0.0924	-0.0764	-0.1005	0.0086	0.9949	-0.0290	0.9995	-0.0116	-0.9945	-0.0301	-0.1002
114767125	-2.8487	-0.0923	-0.0767	-0.0999	0.0077	0.9950	-0.0279	0.9996	-0.0105	-0.9946	-0.0288	-0.0996
114767250	-2.8487	-0.0920	-0.0768	-0.1007	0.0089	0.9949	-0.0282	0.9995	-0.0118	-0.9945	-0.0292	-0.1004
114767375	-2.8489	-0.0914	-0.0759	-0.1010	0.0086	0.9948	-0.0286	0.9995	-0.0115	-0.9945	-0.0296	-0.1007
114767500	-2.8486	-0.0898	-0.0770	-0.1003	0.0092	0.9949	-0.0291	0.9995	-0.0122	-0.9945	-0.0302	-0.1000
114767625	-2.8486	-0.0891	-0.0783	-0.1006	0.0082	0.9949	-0.0304	0.9995	-0.0113	-0.9945	-0.0314	-0.1003
114767750	-2.8482	-0.0849	-0.0777	-0.1022	0.0099	0.9947	-0.0326	0.9994	-0.0133	-0.9942	-0.0338	-0.1018
114767875	-2.8483	-0.0844	-0.0763	-0.1009	0.0085	0.9949	-0.0312	0.9994	-0.0117	-0.9944	-0.0322	-0.1006
114768000	-2.8476	-0.0851	-0.0759	-0.1014	0.0079	0.9948	-0.0298	0.9995	-0.0110	-0.9944	-0.0307	-0.1011
114768125	-2.8477	-0.0847	-0.0757	-0.1015	0.0067	0.9948	-0.0298	0.9995	-0.0098	-0.9944	-0.0306	-0.1013
114768250	-2.8481	-0.0841	-0.0754	-0.1014	0.0074	0.9948	-0.0294	0.9995	-0.0104	-0.9944	-0.0303	-0.1011
114768375	-2.8484	-0.0859	-0.0752	-0.1018	0.0073	0.9948	-0.0288	0.9995	-0.0103	-0.9944	-0.0297	-0.1016
114768500	-2.8480	-0.0858	-0.0746	-0.1016	0.0104	0.9948	-0.0281	0.9995	-0.0133	-0.9944	-0.0293	-0.1012
114768625	-2.8478	-0.0854	-0.0740	-0.1018	0.0103	0.9947	-0.0288	0.9995	-0.0133	-0.9944	-0.0300	-0.1015
114768750	-2.8477	-0.0865	-0.0730	-0.1012	0.0085	0.9948	-0.0280	0.9995	-0.0114	-0.9945	-0.0290	-0.1009
114768875	-2.8474	-0.0850	-0.0724	-0.1019	0.0101	0.9947	-0.0267	0.9996	-0.0129	-0.9944	-0.0278	-0.1016
114769000	-2.8477	-0.0851	-0.0725	-0.1020	0.0088	0.9947	-0.0265	0.9996	-0.0115	-0.9944	-0.0275	-0.1017
114769125	-2.8472	-0.0828	-0.0727	-0.1020	0.0094	0.9947	-0.0271	0.9996	-0.0123	-0.9944	-0.0282	-0.1017
114769250	-2.8471	-0.0822	-0.0743	-0.1008	0.0107	0.9948	-0.0253	0.9996	-0.0133	-0.9946	-0.0265	-0.1005
114769375	-2.8464	-0.0801	-0.0732	-0.1022	0.0088	0.9947	-0.0269	0.9996	-0.0116	-0.9944	-0.0279	-0.1019
114769500	-2.8464	-0.0794	-0.0727	-0.1032	0.0101	0.9946	-0.0268	0.9996	-0.0129	-0.9943	-0.0280	-0.1029
114769625	-2.8463	-0.0773	-0.0726	-0.1012	0.0090	0.9948	-0.0286	0.9995	-0.0120	-0.9945	-0.0297	-0.1009
114769750	-2.8465	-0.0776	-0.0744	-0.1008	0.0069	0.9949	-0.0293	0.9995	-0.0099	-0.9945	-0.0301	-0.1005
114769875	-2.8468	-0.0784	-0.0745	-0.1008	0.0072	0.9949	-0.0297	0.9995	-0.0102	-0.9945	-0.0305	-0.1005
114770000	-2.8467	-0.0763	-0.0762	-0.0996	0.0062	0.9950	-0.0289	0.9995	-0.0091	-0.9946	-0.0296	-0.0994
114770125	-2.8465	-0.0753	-0.0742	-0.1007	0.0057	0.9949	-0.0300	0.9995	-0.0088	-0.9945	-0.0307	-0.1005
114770250	-2.8466	-0.0756	-0.0755	-0.1001	0.0070	0.9950	-0.0300	0.9995	-0.0101	-0.9945	-0.0309	-0.0998
114770375	-2.8479	-0.0814	-0.0755	-0.0990	0.0068	0.9951	-0.0290	0.9995	-0.0097	-0.9947	-0.0298	-0.0988
114770500	-2.8475	-0.0813	-0.0738	-0.1000	0.0064	0.9950	-0.0295	0.9995	-0.0094	-0.9945	-0.0303	-0.0998
114770625	-2.8477	-0.0832	-0.0754	-0.0993	0.0073	0.9950	-0.0296	0.9995	-0.0103	-0.9946	-0.0305	-0.0990
114770750	-2.8474	-0.0821	-0.0739	-0.1004	0.0066	0.9949	-0.0298	0.9995	-0.0097	-0.9945	-0.0307	-0.1002
114770875	-2.8469	-0.0823	-0.0744	-0.1004	0.0090	0.9949	-0.0282	0.9995	-0.0119	-0.9945	-0.0293	-0.1001
114771000	-2.8472	-0.0829	-0.0755	-0.0996	0.0103	0.9950	-0.0277	0.9995	-0.0131	-0.9946	-0.0288	-0.0993
114771125	-2.8471	-0.0823	-0.0743	-0.1019	0.0130	0.9947	-0.0269	0.9995	-0.0158	-0.9944	-0.0284	-0.1015
114771250	-2.8477	-0.0821	-0.0750	-0.1013	0.0116	0.9948	-0.0262	0.9996	-0.0143	-0.9945	-0.0275	-0.1010
114771375	-2.8481	-0.0821	-0.0741	-0.1024	0.0099	0.9947	-0.0280	0.9995	-0.0129	-0.9944	-0.0292	-0.1021
114771500	-2.8476	-0.0808	-0.0748	-0.1012	0.0093	0.9948	-0.0299	0.9995	-0.0124	-0.9944	-0.0310	-0.1009
114771625	-2.8484	-0.0812	-0.0748	-0.1017	0.0074	0.9948	-0.0295	0.9995	-0.0105	-0.9944	-0.0304	-0.1015
114771750	-2.8483	-0.0798	-0.0752	-0.1010	0.0069	0.9949	-0.0308	0.9995	-0.0101	-0.9944	-0.0316	-0.1007
114771875	-2.8492	-0.0831	-0.0767	-0.1001	0.0062	0.9950	-0.0326	0.9994	-0.0095	-0.9944	-0.0333	-0.0999
114772000	-2.8490	-0.0860	-0.0778	-0.0993	0.0059	0.9950	-0.0311	0.9995	-0.0090	-0.9946	-0.0319	-0.0990
114772125	-2.8492	-0.0873	-0.0774	-0.1007	0.0047	0.9949	-0.0307	0.9995	-0.0078	-0.9944	-0.0313	-0.1005
114772250	-2.8490	-0.0880	-0.0772	-0.1009	0.0068	0.9949	-0.0297	0.9995	-0.0099	-0.9945	-0.0306	-0.1006
114772375	-2.8485	-0.0870	-0.0785	-0.0993	0.0058	0.9950	-0.0314	0.9995	-0.0090	-0.9946	-0.0321	-0.0990
114772500	-2.8484	-0.0858	-0.0773	-0.1005	0.0065	0.9949	-0.0322	0.9994	-0.0097	-0.9944	-0.0330	-0.1002
114772625	-2.8486	-0.0856	-0.0779	-0.1004	0.0071	0.9949	-0.0305	0.9995	-0.0102	-0.9945	-0.0314	-0.1001
114772750	-2.8480	-0.0857	-0.0768	-0.0985	0.0058	0.9951	-0.0320	0.9994	-0.0090	-0.9946	-0.0327	-0.0982
114772875	-2.8480	-0.0837	-0.0767	-0.0993	0.0081	0.9950	-0.0321	0.9994	-0.0113	-0.9945	-0.0331	-0.0989
114773000	-2.8480	-0.0851	-0.0766	-0.0991	0.0068	0.9950	-0.0315	0.9995	-0.0100	-0.9946	-0.0324	-0.0989
114773125	-2.8479	-0.0840	-0.0770	-0.0998	0.0098	0.9950	-0.0304	0.9995	-0.0129	-0.9945	-0.0316	-0.0995
114773250	-2.8488	-0.0872	-0.0749	-0.1011	0.0091	0.9948	-0.0313	0.9994	-0.0123	-0.9944	-0.0324	-0.1008
114773375	-2.8488	-0.0862	-0.0755	-0.0999	0.0103	0.9949	-0.0324	0.9994	-0.0136	-0.9945	-0.0336	-0.0995
114773500	-2.8490	-0.0854	-0.0747	-0.1001	0.0106	0.9949	-0.0327	0.9994	-0.0139	-0.9944	-0.0340	-0.0997
114773625	-2.8484	-0.0862	-0.0739	-0.1009	0.0116	0.9948	-0.0313	0.9994	-0.0148	-0.9944	-0.0327	-0.1005
114773750	-2.8490	-0.0855	-0.0747	-0.1015	0.0100	0.9948	-0.0300	0.9995	-0.0131	-0.9944	-0.0312	-0.1012
114773875	-2.8490	-0.0862	-0.0743	-0.1008	0.0093	0.9949	-0.0305	0.9995	-0.0124	-0.9944	-0.0316	-0.1005
114774000	-2.8487	-0.0862	-0.0740	-0.1025	0.0084	0.9947	-0.0290	0.9995	-0.0115	-0.9943	-0.0301	-0.1022
114774125	-2.8495	-0.0852	-0.0758	-0.1012	0.0069	0.9948	-0.0306	0.9995	-0.0100	-0.9944	-0.0314	-0.1009
114774250	-2.8498	-0.0846	-0.0742	-0.1016	0.0085	0.9948	-0.0306	0.9995	-0.0117	-0.9943	-0.0316	-0.1013
114774375	-2.8494	-0.0850	-0.0745	-0.1006	0.0076	0.9949	-0.0322	0.9994	-0.0109	-0.9944	-0.0331	-0.1003
114774500	-2.8494	-0.0847	-0.0734	-0.1009	0.0076	0.9949	-0.0320	0.9994	-0.0108	-0.9944	-0.0329	-0.1006
114774625	-2.8493	-0.0837	-0.0738	-0.1000	0.0063	0.9950	-0.0339	0.9994	-0.0098	-0.9944	-0.0347	-0.0997
114774750	-2.8497	-0.0846	-0.0730	-0.1001	0.0077	0.9949	-0.0331	0.9994	-0.0110	-0.9944	-0.0340	-0.0998
114774875	-2.8493	-0.0854	-0.0731	-0.0995	0.0087	0.9950	-0.0334	0.9994	-0.0121	-0.9945	-0.0344	-0.0992
114775000	-2.8491	-0.0866	-0.0725	-0.1004	0.0066	0.9949	-0.0335	0.9994	-0.0100	-0.9944	-0.0343	-0.1002
114775125	-2.8491	-0.0855	-0.0728	-0.1004	0.0078	0.9949	-0.0342	0.9994	-0.0113	-0.9944	-0.0352	-0.1001
114775250	-2.8498	-0.0850	-0.0729	-0.1017	0.0085	0.9948	-0.0347	0.9993	-0.0121	-0.9942	-0.0358	-0.1014
114775375	-2.8497	-0.0868	-0.0772	-0.0984	0.0087	0.9951	-0.0340	0.9994	-0.0121	-0.9946	-0.0350	-0.0981
114775500	-2.8493	-0.0888	-0.0776	-0.0979	0.0076	0.9952	-0.0324	0.9994	-0.0108	-0.9947	-0.0333	-0.0976
114775625	-2.8499	-0.0886	-0.0781	-0.0983	0.0103	0.9951	-0.0315	0.9994	-0.0135	-0.9947	-0.0327	-0.0979
114775750	-2.8494	-0.0893	-0.0780	-0.0980	0.0085	0.9952	-0.0315	0.9994	-0.0117	-0.9947	-0.0325	-0.0977
114775875	-2.8505	-0.0899	-0.0774	-0.0989	0.0092	0.9951	-0.0309	0.9994	-0.0123	-0.9946	-0.0319	-0.0985
114776000	-2.8503	-0.0906	-0.0770	-0.0997	0.0082	0.9950	-0.0309	0.9995	-0.0113	-0.9945	-0.0319	-0.0994
114776125	-2.8508	-0.0894	-0.0777	-0.1002	0.0082	0.9949	-0.0324	0.9994	-0.0115	-0.9944	-0.0334	-0.0999
114776250	-2.8507	-0.0898	-0.0780	-0.0997	0.0091	0.9950	-0.0313	0.9994	-0.0123	-0.9945	-0.0323	-0.0994
114776375	-2.8509	-0.0914	-0.0779	-0.1000	0.0101	0.9949	-0.0306	0.9994	-0.0132	-0.9945	-0.0317	-0.0996
114776500	-2.8504	-0.0897	-0.0767	-0.1004	0.0097	0.9949	-0.0320	0.9994	-0.0129	-0.9944	-0.0332	-0.1000
114776625	-2.8503	-0.0903	-0.0765	-0.1000	0.0087	0.9949	-0.0324	0.9994	-0.0120	-0.9945	-0.0335	-0.0997
114776750	-2.8492	-0.0883	-0.0774	-0.0982	0.0098	0.9951	-0.0321	0.9994	-0.0130	-0.9947	-0.0332	-0.0978
114776875	-2.8498	-0.0886	-0.0755	-0.0996	0.0106	0.9950	-0.0315	0.9994	-0.0138	-0.9945	-0.0327	-0.0992
114777000	-2.8500	-0.0888	-0.0763	-0.0995	0.0124	0.9950	-0.0310	0.9994	-0.0156	-0.9945	-0.0324	-0.0991
114777125	-2.8501	-0.0898	-0.0750	-0.0992	0.0090	0.9950	-0.0314	0.9994	-0.0122	-0.9946	-0.0324	-0.0988
114777250	-2.8499	-0.0888	-0.0758	-0.0997	0.0112	0.9950	-0.0318	0.9994	-0.0144	-0.9945	-0.0331	-0.0993
114777375	-2.8501	-0.0881	-0.0751	-0.1000	0.0100	0.9949	-0.0318	0.9994	-0.0133	-0.9945	-0.0329	-0.0996
114777500	-2.8501	-0.0877	-0.0751	-0.0991	0.0098	0.9950	-0.0313	0.9994	-0.0130	-0.9946	-0.0325	-0.0988
114777625	-2.8498	-0.0877	-0.0768	-0.0991	0.0094	0.9950	-0.0292	0.9995	-0.0123	-0.9947	-0.0302	-0.0988
114777750	-2.8496	-0.0869	-0.0769	-0.0992	0.0099	0.9950	-0.0300	0.9995	-0.0129	-0.9946	-0.0312	-0.0988
114777875	-2.8494	-0.0861	-0.0769	-0.0990	0.0091	0.9950	-0.0292	0.9995	-0.0121	-0.9947	-0.0302	-0.0987
114778000	-2.8493	-0.0856	-0.0763	-0.0996	0.0098	0.9950	-0.0290	0.9995	-0.0128	-0.9946	-0.0301	-0.0992
114778125	-2.8493	-0.0843	-0.0773	-0.0995	0.0087	0.9950	-0.0300	0.9995	-0.0117	-0.9946	-0.0311	-0.0992
114778250	-2.8485	-0.0844	-0.0775	-0.0992	0.0077	0.9950	-0.0294	0.9995	-0.0107	-0.9946	-0.0303	-0.0989
114778375	-2.8486	-0.0857	-0.0767	-0.0987	0.0082	0.9951	-0.0307	0.9995	-0.0113	-0.9946	-0.0317	-0.0984
114778500	-2.8480	-0.0854	-0.0771	-0.0993	0.0105	0.9950	-0.0316	0.9994	-0.0137	-0.9946	-0.0328	-0.0989
114778625	-2.8475	-0.0848	-0.0759	-0.0984	0.0092	0.9951	-0.0300	0.9995	-0.0122	-0.9947	-0.0311	-0.0981
114778750	-2.8474	-0.0833	-0.0753	-0.0997	0.0107	0.9950	-0.0306	0.9994	-0.0138	-0.9945	-0.0319	-0.0993
114778875	-2.8471	-0.0832	-0.0756	-0.0995	0.0109	0.9950	-0.0302	0.9994	-0.0139	-0.9946	-0.0314	-0.0991
114779000	-2.8473	-0.0839	-0.0748	-0.0989	0.0105	0.9950	-0.0289	0.9995	-0.0134	-0.9947	-0.0301	-0.0985
114779125	-2.8470	-0.0829	-0.0757	-0.0993	0.0098	0.9950	-0.0296	0.9995	-0.0128	-0.9946	-0.0307	-0.0990
114779250	-2.8470	-0.0832	-0.0753	-0.0984	0.0097	0.9951	-0.0287	0.9995	-0.0126	-0.9947	-0.0298	-0.0981
114779375	-2.8484	-0.0891	-0.0760	-0.0982	0.0096	0.9951	-0.0291	0.9995	-0.0125	-0.9947	-0.0302	-0.0978
114779500	-2.8481	-0.0904	-0.0762	-0.0966	0.0097	0.9953	-0.0306	0.9995	-0.0127	-0.9948	-0.0317	-0.0963
114779625	-2.8485	-0.0903	-0.0753	-0.0983	0.0093	0.9951	-0.0306	0.9995	-0.0123	-0.9947	-0.0316	-0.0980
114779750	-2.8479	-0.0912	-0.0762	-0.0968	0.0094	0.9953	-0.0300	0.9995	-0.0123	-0.9948	-0.0311	-0.0965
114779875	-2.8484	-0.0909	-0.0762	-0.0987	0.0090	0.9951	-0.0293	0.9995	-0.0119	-0.9947	-0.0303	-0.0983
114780000	-2.8478	-0.0907	-0.0766	-0.0976	0.0081	0.9952	-0.0312	0.9994	-0.0112	-0.9947	-0.0322	-0.0973
114780125	-2.8483	-0.0900	-0.0764	-0.0980	0.0090	0.9951	-0.0315	0.9994	-0.0122	-0.9947	-0.0325	-0.0977
114780250	-2.8475	-0.0914	-0.0776	-0.0968	0.0095	0.9953	-0.0308	0.9994	-0.0125	-0.9948	-0.0319	-0.0965
114780375	-2.8491	-0.0918	-0.0760	-0.0979	0.0108	0.9951	-0.0296	0.9995	-0.0138	-0.9948	-0.0308	-0.0975
114780500	-2.8493	-0.0903	-0.0766	-0.0984	0.0088	0.9951	-0.0325	0.9994	-0.0121	-0.9946	-0.0335	-0.0980
114780625	-2.8494	-0.0907	-0.0756	-0.0983	0.0111	0.9951	-0.0310	0.9994	-0.0142	-0.9947	-0.0323	-0.0979
114780750	-2.8488	-0.0909	-0.0766	-0.0985	0.0109	0.9951	-0.0309	0.9994	-0.0140	-0.9947	-0.0321	-0.0981
114780875	-2.8492	-0.0892	-0.0793	-0.0943	0.0116	0.9955	-0.0336	0.9993	-0.0148	-0.9950	-0.0348	-0.0938
114781000	-2.8491	-0.0886	-0.0788	-0.0940	0.0108	0.9955	-0.0362	0.9992	-0.0143	-0.9949	-0.0374	-0.0935
114781125	-2.8490	-0.0893	-0.0794	-0.0928	0.0101	0.9956	-0.0355	0.9993	-0.0135	-0.9951	-0.0366	-0.0924
114781250	-2.8491	-0.0872	-0.0799	-0.0929	0.0082	0.9956	-0.0334	0.9994	-0.0113	-0.9951	-0.0343	-0.0926
114781375	-2.8489	-0.0870	-0.0807	-0.0931	0.0103	0.9956	-0.0335	0.9993	-0.0135	-0.9951	-0.0346	-0.0927
114781500	-2.8492	-0.0853	-0.0796	-0.0943	0.0095	0.9955	-0.0354	0.9993	-0.0129	-0.9949	-0.0365	-0.0939
114781625	-2.8490	-0.0864	-0.0797	-0.0938	0.0103	0.9955	-0.0349	0.9993	-0.0136	-0.9950	-0.0360	-0.0934
114781750	-2.8494	-0.0853	-0.0808	-0.0940	0.0093	0.9955	-0.0367	0.9992	-0.0128	-0.9949	-0.0377	-0.0936
114781875	-2.8494	-0.0867	-0.0810	-0.0923	0.0108	0.9957	-0.0360	0.9993	-0.0142	-0.9951	-0.0371	-0.0919
114782000	-2.8497	-0.0883	-0.0812	-0.0926	0.0120	0.9956	-0.0349	0.9993	-0.0153	-0.9951	-0.0362	-0.0921
114782125	-2.8494	-0.0862	-0.0801	-0.0941	0.0117	0.9955	-0.0368	0.9992	-0.0152	-0.9949	-0.0381	-0.0936
114782250	-2.8492	-0.0868	-0.0797	-0.0931	0.0114	0.9956	-0.0362	0.9992	-0.0148	-0.9950	-0.0375	-0.0926
114782375	-2.8490	-0.0851	-0.0803	-0.0932	0.0105	0.9956	-0.0352	0.9993	-0.0138	-0.9950	-0.0364	-0.0928
114782500	-2.8490	-0.0850	-0.0804	-0.0925	0.0110	0.9957	-0.0345	0.9993	-0.0143	-0.9951	-0.0357	-0.0920
114782625	-2.8492	-0.0847	-0.0795	-0.0935	0.0108	0.9956	-0.0338	0.9993	-0.0140	-0.9950	-0.0349	-0.0930
114782750	-2.8490	-0.0840	-0.0801	-0.0929	0.0119	0.9956	-0.0354	0.9993	-0.0152	-0.9951	-0.0366	-0.0924
114782875	-2.8498	-0.0837	-0.0792	-0.0942	0.0099	0.9955	-0.0347	0.9993	-0.0133	-0.9949	-0.0358	-0.0938
114783000	-2.8494	-0.0823	-0.0792	-0.0934	0.0112	0.9956	-0.0357	0.9993	-0.0146	-0.9950	-0.0369	-0.0929
114783125	-2.8495	-0.0794	-0.0777	-0.0958	0.0119	0.9953	-0.0385	0.9991	-0.0157	-0.9947	-0.0399	-0.0953
114783250	-2.8494	-0.0802	-0.0779	-0.0942	0.0113	0.9955	-0.0365	0.9992	-0.0148	-0.9949	-0.0377	-0.0937
114783375	-2.8493	-0.0816	-0.0775	-0.0958	0.0128	0.9953	-0.0355	0.9992	-0.0163	-0.9948	-0.0369	-0.0953
114783500	-2.8501	-0.0852	-0.0792	-0.0960	0.0116	0.9953	-0.0340	0.9993	-0.0149	-0.9948	-0.0353	-0.0955
114783625	-2.8494	-0.0850	-0.0776	-0.0962	0.0119	0.9953	-0.0350	0.9993	-0.0153	-0.9947	-0.0363	-0.0957
114783750	-2.8497	-0.0856	-0.0798	-0.0950	0.0121	0.9954	-0.0334	0.9993	-0.0154	-0.9949	-0.0348	-0.0945
114783875	-2.8492	-0.0860	-0.0797	-0.0961	0.0107	0.9953	-0.0337	0.9993	-0.0140	-0.9948	-0.0349	-0.0957
114784000	-2.8493	-0.0866	-0.0798	-0.0944	0.0108	0.9955	-0.0340	0.9993	-0.0140	-0.9950	-0.0352	-0.0939
114784125	-2.8490	-0.0848	-0.0805	-0.0935	0.0115	0.9956	-0.0343	0.9993	-0.0148	-0.9950	-0.0355	-0.0930
114784250	-2.8490	-0.0873	-0.0811	-0.0947	0.0103	0.9955	-0.0328	0.9994	-0.0135	-0.9950	-0.0340	-0.0943
114784375	-2.8491	-0.0865	-0.0801	-0.0944	0.0107	0.9955	-0.0329	0.9994	-0.0138	-0.9950	-0.0340	-0.0940
114784500	-2.8488	-0.0865	-0.0805	-0.0955	0.0099	0.9954	-0.0329	0.9994	-0.0131	-0.9949	-0.0340	-0.0951
114784625	-2.8484	-0.0865	-0.0802	-0.0950	0.0091	0.9954	-0.0342	0.9993	-0.0124	-0.9949	-0.0353	-0.0947
114784750	-2.8485	-0.0858	-0.0790	-0.0946	0.0097	0.9955	-0.0340	0.9993	-0.0129	-0.9949	-0.0351	-0.0942
114784875	-2.8484	-0.0858	-0.0801	-0.0935	0.0096	0.9956	-0.0349	0.9993	-0.0129	-0.9950	-0.0360	-0.0931
114785000	-2.8481	-0.0853	-0.0798	-0.0942	0.0102	0.9955	-0.0351	0.9993	-0.0135	-0.9949	-0.0362	-0.0938
114785125	-2.8478	-0.0859	-0.0796	-0.0949	0.0097	0.9954	-0.0357	0.9993	-0.0131	-0.9948	-0.0368	-0.0944
114785250	-2.8475	-0.0873	-0.0794	-0.0939	0.0114	0.9955	-0.0349	0.9993	-0.0148	-0.9950	-0.0361	-0.0935
114785375	-2.8482	-0.0872	-0.0815	-0.0938	0.0109	0.9955	-0.0361	0.9992	-0.0144	-0.9949	-0.0373	-0.0933
114785500	-2.8480	-0.0843	-0.0800	-0.0948	0.0118	0.9954	-0.0400	0.9991	-0.0157	-0.9947	-0.0413	-0.0942
114785625	-2.8485	-0.0857	-0.0801	-0.0933	0.0107	0.9956	-0.0404	0.9991	-0.0145	-0.9948	-0.0415	-0.0928
114785750	-2.8480	-0.0850	-0.0790	-0.0941	0.0111	0.9955	-0.0416	0.9990	-0.0151	-0.9947	-0.0429	-0.0936
114785875	-2.8485	-0.0851	-0.0775	-0.0954	0.0101	0.9954	-0.0414	0.9990	-0.0141	-0.9946	-0.0426	-0.0949
114786000	-2.8489	-0.0872	-0.0783	-0.0946	0.0086	0.9955	-0.0404	0.9991	-0.0125	-0.9947	-0.0414	-0.0942
114786125	-2.8487	-0.0870	-0.0775	-0.0949	0.0109	0.9954	-0.0407	0.9991	-0.0148	-0.9947	-0.0420	-0.0943
114786250	-2.8487	-0.0890	-0.0783	-0.0947	0.0103	0.9955	-0.0402	0.9991	-0.0142	-0.9947	-0.0413	-0.0942
114786375	-2.8491	-0.0911	-0.0788	-0.0948	0.0097	0.9955	-0.0376	0.9992	-0.0134	-0.9948	-0.0387	-0.0943
114786500	-2.8486	-0.0905	-0.0791	-0.0954	0.0098	0.9954	-0.0380	0.9992	-0.0135	-0.9947	-0.0391	-0.0949
114786625	-2.8494	-0.0886	-0.0804	-0.0942	0.0089	0.9955	-0.0378	0.9992	-0.0125	-0.9948	-0.0388	-0.0938
114786750	-2.8492	-0.0888	-0.0806	-0.0943	0.0089	0.9955	-0.0377	0.9992	-0.0125	-0.9948	-0.0387	-0.0939
114786875	-2.8496	-0.0862	-0.0809	-0.0935	0.0092	0.9956	-0.0370	0.9992	-0.0128	-0.9949	-0.0380	-0.0931
114787000	-2.8494	-0.0859	-0.0803	-0.0931	0.0106	0.9956	-0.0371	0.9992	-0.0141	-0.9950	-0.0382	-0.0927
114787125	-2.8496	-0.0847	-0.0800	-0.0927	0.0105	0.9956	-0.0388	0.9991	-0.0142	-0.9949	-0.0400	-0.0922
114787250	-2.8499	-0.0840	-0.0804	-0.0929	0.0099	0.9956	-0.0380	0.9992	-0.0135	-0.9950	-0.0391	-0.0924
114787375	-2.8499	-0.0834	-0.0787	-0.0923	0.0087	0.9957	-0.0392	0.9992	-0.0124	-0.9950	-0.0401	-0.0919
114787500	-2.8500	-0.0836	-0.0799	-0.0910	0.0096	0.9958	-0.0385	0.9992	-0.0131	-0.9951	-0.0395	-0.0905
114787625	-2.8499	-0.0826	-0.0782	-0.0910	0.0074	0.9958	-0.0386	0.9992	-0.0109	-0.9951	-0.0395	-0.0907
114787750	-2.8502	-0.0832	-0.0765	-0.0926	0.0088	0.9957	-0.0395	0.9991	-0.0126	-0.9949	-0.0405	-0.0922
114787875	-2.8502	-0.0837	-0.0765	-0.0933	0.0108	0.9956	-0.0365	0.9992	-0.0143	-0.9950	-0.0377	-0.0928
114788000	-2.8503	-0.0837	-0.0781	-0.0938	0.0130	0.9955	-0.0353	0.9992	-0.0163	-0.9950	-0.0367	-0.0933
114788125	-2.8500	-0.0833	-0.0780	-0.0930	0.0136	0.9956	-0.0353	0.9992	-0.0169	-0.9950	-0.0367	-0.0924
114788250	-2.8502	-0.0830	-0.0785	-0.0941	0.0137	0.9955	-0.0338	0.9993	-0.0170	-0.9950	-0.0353	-0.0936
114788375	-2.8507	-0.0802	-0.0787	-0.0936	0.0139	0.9955	-0.0345	0.9993	-0.0172	-0.9950	-0.0359	-0.0931
114788500	-2.8508	-0.0792	-0.0781	-0.0945	0.0135	0.9954	-0.0350	0.9992	-0.0169	-0.9949	-0.0365	-0.0940
114788625	-2.8509	-0.0788	-0.0788	-0.0939	0.0126	0.9955	-0.0344	0.9993	-0.0158	-0.9950	-0.0357	-0.0934
114788750	-2.8502	-0.0795	-0.0783	-0.0937	0.0131	0.9955	-0.0336	0.9993	-0.0163	-0.9950	-0.0349	-0.0932
114788875	-2.8500	-0.0778	-0.0773	-0.0944	0.0145	0.9954	-0.0342	0.9993	-0.0178	-0.9949	-0.0357	-0.0939
114789000	-2.8504	-0.0777	-0.0775	-0.0941	0.0144	0.9955	-0.0338	0.9993	-0.0176	-0.9950	-0.0353	-0.0935
114789125	-2.8501	-0.0772	-0.0784	-0.0935	0.0135	0.9955	-0.0351	0.9992	-0.0168	-0.9950	-0.0365	-0.0929
114789250	-2.8505	-0.0776	-0.0789	-0.0926	0.0112	0.9956	-0.0354	0.9993	-0.0145	-0.9951	-0.0366	-0.0921
114789375	-2.8508	-0.0771	-0.0786	-0.0937	0.0101	0.9955	-0.0367	0.9992	-0.0136	-0.9949	-0.0378	-0.0933
114789500	-2.8501	-0.0787	-0.0780	-0.0940	0.0116	0.9955	-0.0354	0.9993	-0.0150	-0.9949	-0.0367	-0.0935
114789625	-2.8501	-0.0781	-0.0783	-0.0940	0.0112	0.9955	-0.0344	0.9993	-0.0145	-0.9950	-0.0356	-0.0935
114789750	-2.8494	-0.0778	-0.0798	-0.0929	0.0080	0.9956	-0.0379	0.9992	-0.0116	-0.9949	-0.0388	-0.0925
114789875	-2.8481	-0.0806	-0.0814	-0.0914	0.0090	0.9958	-0.0373	0.9992	-0.0124	-0.9951	-0.0383	-0.0910
114790000	-2.8474	-0.0805	-0.0814	-0.0902	0.0118	0.9959	-0.0350	0.9993	-0.0150	-0.9953	-0.0362	-0.0898
114790125	-2.8476	-0.0803	-0.0816	-0.0916	0.0101	0.9957	-0.0355	0.9993	-0.0134	-0.9952	-0.0366	-0.0912
114790250	-2.8470	-0.0803	-0.0804	-0.0920	0.0111	0.9957	-0.0361	0.9992	-0.0145	-0.9951	-0.0373	-0.0916
114790375	-2.8472	-0.0788	-0.0812	-0.0927	0.0115	0.9956	-0.0382	0.9992	-0.0151	-0.9950	-0.0394	-0.0922
114790500	-2.8471	-0.0791	-0.0813	-0.0925	0.0117	0.9956	-0.0361	0.9992	-0.0151	-0.9951	-0.0374	-0.0920
114790625	-2.8470	-0.0801	-0.0816	-0.0928	0.0146	0.9956	-0.0368	0.9992	-0.0181	-0.9950	-0.0383	-0.0922
114790750	-2.8476	-0.0816	-0.0822	-0.0938	0.0107	0.9955	-0.0377	0.9992	-0.0143	-0.9949	-0.0389	-0.0934
114790875	-2.8475	-0.0838	-0.0816	-0.0921	0.0118	0.9957	-0.0356	0.9993	-0.0151	-0.9951	-0.0369	-0.0917
114791000	-2.8483	-0.0851	-0.0821	-0.0934	0.0119	0.9956	-0.0346	0.9993	-0.0152	-0.9950	-0.0359	-0.0929
114791125	-2.8484	-0.0822	-0.0798	-0.0949	0.0121	0.9954	-0.0354	0.9993	-0.0156	-0.9949	-0.0368	-0.0944
114791250	-2.8488	-0.0817	-0.0799	-0.0942	0.0110	0.9955	-0.0347	0.9993	-0.0143	-0.9949	-0.0359	-0.0938
114791375	-2.8490	-0.0808	-0.0800	-0.0952	0.0108	0.9954	-0.0352	0.9993	-0.0142	-0.9948	-0.0363	-0.0947
114791500	-2.8483	-0.0811	-0.0797	-0.0942	0.0098	0.9955	-0.0351	0.9993	-0.0131	-0.9949	-0.0362	-0.0938
114791625	-2.8492	-0.0810	-0.0799	-0.0936	0.0111	0.9956	-0.0364	0.9992	-0.0146	-0.9949	-0.0376	-0.0931
114791750	-2.8491	-0.0818	-0.0799	-0.0937	0.0108	0.9955	-0.0362	0.9992	-0.0143	-0.9949	-0.0374	-0.0932
114791875	-2.8492	-0.0809	-0.0793	-0.0933	0.0102	0.9956	-0.0357	0.9993	-0.0136	-0.9950	-0.0368	-0.0929
114792000	-2.8500	-0.0817	-0.0814	-0.0914	0.0096	0.9958	-0.0355	0.9993	-0.0129	-0.9952	-0.0365	-0.0910
114792125	-2.8500	-0.0803	-0.0809	-0.0919	0.0104	0.9957	-0.0370	0.9992	-0.0139	-0.9951	-0.0381	-0.0914
114792250	-2.8499	-0.0778	-0.0797	-0.0935	0.0102	0.9956	-0.0381	0.9992	-0.0138	-0.9949	-0.0392	-0.0931
114792375	-2.8501	-0.0796	-0.0800	-0.0932	0.0111	0.9956	-0.0357	0.9993	-0.0145	-0.9950	-0.0368	-0.0928
114792500	-2.8500	-0.0786	-0.0806	-0.0932	0.0094	0.9956	-0.0353	0.9993	-0.0127	-0.9950	-0.0363	-0.0928
114792625	-2.8500	-0.0791	-0.0808	-0.0936	0.0114	0.9955	-0.0352	0.9993	-0.0147	-0.9950	-0.0364	-0.0931
114792750	-2.8502	-0.0805	-0.0802	-0.0935	0.0098	0.9956	-0.0364	0.9992	-0.0133	-0.9950	-0.0375	-0.0930
114792875	-2.8501	-0.0803	-0.0799	-0.0928	0.0114	0.9956	-0.0367	0.9992	-0.0149	-0.9950	-0.0379	-0.0923
114793000	-2.8505	-0.0802	-0.0796	-0.0930	0.0110	0.9956	-0.0376	0.9992	-0.0145	-0.9950	-0.0388	-0.0925
114793125	-2.8502	-0.0805	-0.0783	-0.0937	0.0130	0.9955	-0.0367	0.9992	-0.0165	-0.9949	-0.0381	-0.0931
114793250	-2.8497	-0.0806	-0.0787	-0.0911	0.0122	0.9958	-0.0358	0.9992	-0.0155	-0.9952	-0.0371	-0.0906
114793375	-2.8502	-0.0788	-0.0780	-0.0931	0.0114	0.9956	-0.0382	0.9992	-0.0150	-0.9949	-0.0395	-0.0926
114793500	-2.8495	-0.0790	-0.0768	-0.0940	0.0108	0.9955	-0.0372	0.9992	-0.0143	-0.9949	-0.0384	-0.0935
114793625	-2.8502	-0.0782	-0.0773	-0.0930	0.0111	0.9956	-0.0372	0.9992	-0.0147	-0.9950	-0.0384	-0.0925
114793750	-2.8492	-0.0778	-0.0770	-0.0928	0.0110	0.9956	-0.0390	0.9991	-0.0146	-0.9949	-0.0401	-0.0923
114793875	-2.8492	-0.0791	-0.0768	-0.0930	0.0137	0.9956	-0.0363	0.9992	-0.0172	-0.9950	-0.0378	-0.0925
114794000	-2.8490	-0.0789	-0.0760	-0.0937	0.0133	0.9955	-0.0363	0.9992	-0.0167	-0.9949	-0.0377	-0.0931
114794125	-2.8485	-0.0803	-0.0766	-0.0928	0.0130	0.9956	-0.0362	0.9992	-0.0164	-0.9950	-0.0375	-0.0923
114794250	-2.8488	-0.0794	-0.0764	-0.0931	0.0120	0.9956	-0.0365	0.9992	-0.0155	-0.9950	-0.0378	-0.0925
114794375	-2.8485	-0.0786	-0.0778	-0.0927	0.0126	0.9956	-0.0373	0.9992	-0.0161	-0.9950	-0.0387	-0.0922
114794500	-2.8482	-0.0779	-0.0783	-0.0918	0.0119	0.9957	-0.0380	0.9992	-0.0155	-0.9951	-0.0393	-0.0913
114794625	-2.8483	-0.0795	-0.0783	-0.0926	0.0119	0.9956	-0.0366	0.9992	-0.0154	-0.9950	-0.0379	-0.0921
114794750	-2.8477	-0.0775	-0.0787	-0.0942	0.0121	0.9955	-0.0375	0.9992	-0.0157	-0.9948	-0.0388	-0.0937
114794875	-2.8468	-0.0785	-0.0795	-0.0950	0.0124	0.9954	-0.0364	0.9992	-0.0159	-0.9948	-0.0378	-0.0945
114795000	-2.8464	-0.0775	-0.0796	-0.0942	0.0130	0.9955	-0.0374	0.9992	-0.0166	-0.9949	-0.0388	-0.0936
114795125	-2.8461	-0.0782	-0.0786	-0.0957	0.0128	0.9953	-0.0364	0.9992	-0.0164	-0.9947	-0.0378	-0.0952
114795250	-2.8460	-0.0774	-0.0796	-0.0945	0.0128	0.9954	-0.0361	0.9992	-0.0163	-0.9949	-0.0374	-0.0940
114795375	-2.8458	-0.0780	-0.0794	-0.0943	0.0122	0.9955	-0.0362	0.9992	-0.0157	-0.9949	-0.0375	-0.0938
114795500	-2.8457	-0.0761	-0.0804	-0.0926	0.0113	0.9956	-0.0376	0.9992	-0.0149	-0.9950	-0.0388	-0.0921
114795625	-2.8454	-0.0783	-0.0801	-0.0930	0.0129	0.9956	-0.0358	0.9992	-0.0162	-0.9950	-0.0372	-0.0924
114795750	-2.8462	-0.0779	-0.0793	-0.0939	0.0127	0.9955	-0.0371	0.9992	-0.0162	-0.9949	-0.0384	-0.0934
114795875	-2.8462	-0.0796	-0.0798	-0.0938	0.0115	0.9955	-0.0356	0.9993	-0.0149	-0.9950	-0.0369	-0.0933
